$ 1 0.000005 10.20027730826997 50 5 50 5e-11
L 352 256 256 256 0 0 false 5 0
M 720 272 800 272 0 2.5
L 336 288 256 288 0 0 false 5 0
M 720 352 800 352 0 2.5
x 163 263 246 266 4 24 CARRY
x 222 293 238 296 4 24 A
x 811 275 864 278 4 24 SUM
x 811 359 894 362 4 24 CARRY
154 496 272 624 272 0 2 0 5
150 496 336 624 336 0 2 0 5
154 352 448 480 448 0 2 0 5
150 352 512 480 512 0 2 0 5
L 320 320 256 320 0 0 false 5 0
x 221 325 237 328 4 24 B
w 352 256 496 256 0
w 320 320 320 464 0
w 320 464 352 464 0
w 320 464 320 528 0
w 320 528 352 528 0
w 336 288 336 432 0
w 336 432 352 432 0
w 336 432 336 496 0
w 336 496 352 496 0
w 480 448 480 352 0
w 480 288 496 288 0
w 352 256 352 320 0
w 352 320 496 320 0
w 496 352 480 352 0
w 480 288 480 352 0
w 480 512 496 512 0
w 496 512 496 368 0
w 496 368 624 368 0
152 624 352 720 352 0 2 0 5
w 624 272 720 272 0
196 352 144 416 144 2 1
w 352 256 352 208 0
w 336 288 336 144 0
w 336 144 352 144 0
w 320 320 320 176 0
w 320 176 352 176 0
x 545 215 598 218 4 24 SUM
M 448 208 528 208 0 2.5
M 448 144 528 144 0 2.5
x 541 148 624 151 4 24 CARRY
b 288 112 915 233 0
b 288 240 915 553 0
