$ 1 0.000005 0.05817778142098084 13 5 50 5e-11
x 226 292 242 295 4 24 B
L 352 288 256 288 0 1 false 5 0
w 384 224 416 224 0
w 448 304 448 320 0
I 384 320 448 320 0 0.5 5
I 368 256 448 256 0 0.5 5
w 480 288 480 256 0
w 480 224 480 256 0
w 416 288 352 288 0
180 416 288 480 288 4 0.1 10000000000 100000000 5
x 539 238 611 241 4 24 Output
x 228 229 244 232 4 24 A
M 512 256 560 256 0 2.5
L 320 224 256 224 0 1 false 5 0
x 390 234 411 237 4 10 NOT
x 396 299 417 302 4 10 NOT
x 455 211 470 214 4 10 Buf
x 452 270 467 273 4 10 Buf
180 416 224 480 224 4 0.1 10000000000 100000000 5
w 352 288 352 256 0
w 448 240 448 256 0
w 384 320 320 320 0
w 320 320 320 224 0
w 320 224 384 224 0
w 352 256 368 256 0
r 512 256 512 320 0 10000
g 512 320 512 336 0 0
w 512 256 480 256 0
