$ 1 0.000005 10.20027730826997 50 5 50 5e-11
L 272 -176 192 -176 0 0 false 5 0
L 272 -160 192 -160 0 0 false 5 0
L 272 -144 192 -144 0 0 false 5 0
L 272 -128 192 -128 0 0 false 5 0
L 272 -112 192 -112 0 0 false 5 0
L 272 -96 192 -96 0 1 false 5 0
L 272 -80 192 -80 0 0 false 5 0
L 368 -64 192 -64 0 0 false 5 0
L 272 96 192 96 0 1 false 5 0
x 167 -174 181 -171 4 12 A7
L 272 464 192 464 0 0 false 5 0
x 140 467 181 470 4 12 CARRY
196 368 400 432 400 2 1
x 167 -62 181 -59 4 12 A0
x 167 -78 181 -75 4 12 A1
x 167 -94 181 -91 4 12 A2
x 167 -110 181 -107 4 12 A3
x 167 -126 181 -123 4 12 A4
x 167 -142 181 -139 4 12 A5
x 167 -158 181 -155 4 12 A6
x 170 100 184 103 4 12 B0
w 272 464 368 464 0
196 464 336 528 336 2 1
w 272 -80 384 -80 0
196 560 272 624 272 2 1
196 656 208 720 208 2 1
196 752 144 816 144 2 1
196 848 80 912 80 2 1
196 944 16 1008 16 2 1
196 1040 -48 1104 -48 2 1
w 1136 16 1184 16 0
w 1040 80 1184 80 0
w 944 144 1184 144 0
M 1184 16 1232 16 0 2.5
M 1184 80 1232 80 0 2.5
M 1184 144 1232 144 0 2.5
w 848 208 1184 208 0
w 752 272 1184 272 0
w 656 336 1184 336 0
w 560 400 1184 400 0
w 464 464 1184 464 0
M 1184 208 1232 208 0 2.5
M 1184 272 1232 272 0 2.5
M 1184 336 1232 336 0 2.5
M 1184 400 1232 400 0 2.5
M 1184 464 1232 464 0 2.5
w 272 -176 1040 -176 0
w 1040 -128 1040 -48 0
w 928 48 944 48 0
w 272 -160 944 -160 0
w 944 -112 944 16 0
w 848 80 848 -80 0
w 848 -144 272 -144 0
w 848 112 832 112 0
w 752 144 752 -80 0
w 752 -128 272 -128 0
w 752 176 736 176 0
w 656 208 656 -64 0
w 656 -112 272 -112 0
w 640 240 656 240 0
w 560 272 560 -48 0
w 560 -96 272 -96 0
w 544 304 560 304 0
w 464 336 464 -32 0
w 464 -80 384 -80 0
w 448 368 464 368 0
w 368 400 368 -16 0
w 272 96 352 96 0
w 352 96 352 432 0
w 352 432 368 432 0
M 1136 -48 1232 -48 0 2.5
x 1245 -50 1286 -47 4 12 CARRY
I 1040 -176 1040 -128 0 0.5 5
I 944 -160 944 -112 0 0.5 5
I 848 -144 848 -80 0 0.5 5
I 752 -128 752 -80 0 0.5 5
I 656 -112 656 -64 0 0.5 5
I 560 -96 560 -48 0 0.5 5
I 464 -80 464 -32 0 0.5 5
I 368 -64 368 -16 0 0.5 5
