$ 1 0.000005 0.05817778142098084 13 5 50 5e-11
x 228 310 244 313 4 24 B
x 643 260 715 263 4 24 Output
x 226 231 242 234 4 24 A
M 624 272 672 272 0 2.5
L 320 224 256 224 0 1 false 5 0
x 379 178 637 181 4 24 OUT\s\q\s(A\s\a\s!S)\s|\s(B\s\a\sS)
L 320 304 256 304 0 0 false 5 0
L 320 336 256 336 0 0 false 5 0
x 155 341 243 344 4 24 Selector
150 400 240 496 240 0 2 5 5
w 320 224 400 224 0
w 320 336 384 336 0
150 400 320 496 320 0 2 0 5
w 320 304 400 304 0
w 384 336 400 336 0
152 544 272 624 272 0 2 5 5
w 496 240 544 256 0
w 496 320 544 288 0
184 320 448 352 448 0 1
M 416 448 464 448 0 2.5
x 477 453 549 456 4 24 Output
L 320 480 256 480 0 0 false 5 0
L 320 448 256 448 0 1 false 5 0
x 230 453 246 456 4 24 A
x 228 486 244 489 4 24 B
x 157 550 245 553 4 24 Selector
L 384 544 256 544 0 0 false 5 0
x 300 416 480 419 4 24 multiplexers\s1\sbit
I 320 256 400 256 0 0.5 5
w 320 256 320 336 0
