$ 1 0.000005 0.05817778142098084 13 5 50 5e-11
x -425 802 -411 805 4 12 A6
x -425 818 -411 821 4 12 A5
x -425 834 -411 837 4 12 A4
x -425 850 -411 853 4 12 A3
x -425 866 -411 869 4 12 A2
x -425 882 -411 885 4 12 A1
x -425 898 -411 901 4 12 A0
x -425 786 -411 789 4 12 A7
L -320 896 -400 896 0 0 false 5 0
L -320 880 -400 880 0 1 false 5 0
L -320 864 -400 864 0 0 false 5 0
L -320 848 -400 848 0 1 false 5 0
L -320 832 -400 832 0 0 false 5 0
L -320 816 -400 816 0 1 false 5 0
L -320 800 -400 800 0 0 false 5 0
L -320 784 -400 784 0 1 false 5 0
x -425 946 -411 949 4 12 B6
x -425 962 -411 965 4 12 B5
x -425 978 -411 981 4 12 B4
x -425 994 -411 997 4 12 B3
x -425 1010 -411 1013 4 12 B2
x -425 1026 -411 1029 4 12 B1
x -425 1042 -411 1045 4 12 B0
x -425 930 -411 933 4 12 B7
L -320 1040 -400 1040 0 1 false 5 0
L -320 1024 -400 1024 0 0 false 5 0
L -320 1008 -400 1008 0 1 false 5 0
L -320 992 -400 992 0 0 false 5 0
L -320 976 -400 976 0 1 false 5 0
L -320 960 -400 960 0 0 false 5 0
L -320 944 -400 944 0 1 false 5 0
L -320 928 -400 928 0 0 false 5 0
150 -192 -80 -96 -80 0 2 0 5
150 -192 -16 -96 -16 0 2 0 5
152 -96 -48 -16 -48 0 2 0 5
L -320 1072 -400 1072 0 1 false 5 0
x -483 1077 -410 1080 4 20 Selector
w -96 -80 -96 -64 0
w -96 -32 -96 -16 0
w -304 784 -304 -96 0
w -304 -96 -256 -96 0
w -288 928 -288 -32 0
w -288 -32 -192 -32 0
w -272 0 -272 1072 0
150 -144 48 -48 48 0 2 0 5
150 -144 112 -48 112 0 2 5 5
152 -48 80 32 80 0 2 5 5
w -48 48 -48 64 0
w -48 96 -48 112 0
w -256 32 -256 800 0
w -256 32 -144 32 0
w -240 128 -240 944 0
w -240 64 -192 64 0
w -224 96 -224 1072 0
w -208 160 -208 816 0
w -192 224 -192 960 0
w -176 256 -176 1072 0
w -128 384 -128 1072 0
w -160 288 -160 832 0
w -144 352 -144 976 0
w -112 416 -112 848 0
w -96 480 -96 992 0
w -64 544 -64 864 0
w -48 608 -48 1008 0
w -32 640 -32 1072 0
w -320 784 -304 784 0
w -320 928 -288 928 0
w -320 1072 -272 1072 0
w -320 800 -256 800 0
w -320 944 -240 944 0
w -272 1072 -224 1072 0
w -320 816 -208 816 0
w -320 960 -192 960 0
w -224 1072 -176 1072 0
w -320 832 -160 832 0
w -320 976 -144 976 0
w -176 1072 -128 1072 0
w -320 848 -112 848 0
w -320 992 -96 992 0
w -128 1072 -80 1072 0
w -320 864 -64 864 0
w -320 1008 -48 1008 0
w -80 1072 -32 1072 0
w -320 880 -16 880 0
w -320 1024 0 1024 0
w -32 1072 16 1072 0
w -320 896 32 896 0
w -320 1040 48 1040 0
M -16 -48 64 -48 0 2.5
M 32 80 96 80 0 2.5
I -240 -64 -192 -64 0 0.5 5
w -256 -96 -192 -96 0
w -240 -64 -272 -64 0
w -192 0 -272 0 0
w -272 -64 -272 0 0
I -192 64 -144 64 0 0.5 5
w -144 96 -224 96 0
w -240 64 -240 128 0
w -240 128 -144 128 0
w -80 1072 -80 512 0
w -16 672 -16 880 0
w 0 736 0 1024 0
w 16 768 16 1072 0
w 32 800 32 896 0
w 48 864 48 1040 0
w 64 896 64 1072 0
w 16 1072 64 1072 0
w -176 256 -128 256 0
w -128 224 -192 224 0
I -176 192 -128 192 0 0.5 5
M 48 208 112 208 0 2.5
w -32 224 -32 240 0
w -32 176 -32 192 0
152 -32 208 48 208 0 2 0 5
150 -128 240 -32 240 0 2 0 5
150 -128 176 -32 176 0 2 0 5
w -176 192 -176 256 0
w 64 832 64 896 0
150 112 816 208 816 0 2 0 5
150 112 880 208 880 0 2 5 5
152 208 848 288 848 0 2 5 5
w 208 816 208 832 0
w 208 864 208 880 0
M 288 848 352 848 0 2.5
I 64 832 112 832 0 0.5 5
w 112 864 48 864 0
w 64 896 112 896 0
w -128 160 -208 160 0
w -128 384 -80 384 0
w -80 352 -144 352 0
I -128 320 -80 320 0 0.5 5
M 96 336 160 336 0 2.5
w 16 352 16 368 0
w 16 304 16 320 0
152 16 336 96 336 0 2 5 5
150 -80 368 16 368 0 2 5 5
150 -80 304 16 304 0 2 0 5
w -128 320 -128 384 0
w -80 288 -160 288 0
w -80 512 -32 512 0
w -32 480 -96 480 0
I -80 448 -32 448 0 0.5 5
M 144 464 208 464 0 2.5
w 64 480 64 496 0
w 64 432 64 448 0
152 64 464 144 464 0 2 0 5
150 -32 496 64 496 0 2 0 5
150 -32 432 64 432 0 2 0 5
w -80 448 -80 512 0
w -32 416 -112 416 0
w -32 640 16 640 0
w 16 608 -48 608 0
I -32 576 16 576 0 0.5 5
M 192 592 256 592 0 2.5
w 112 608 112 624 0
w 112 560 112 576 0
152 112 592 192 592 0 2 5 5
150 16 624 112 624 0 2 5 5
150 16 560 112 560 0 2 0 5
w -32 576 -32 640 0
w 16 544 -64 544 0
w 16 768 64 768 0
w 64 736 0 736 0
I 16 704 64 704 0 0.5 5
M 240 720 304 720 0 2.5
w 160 736 160 752 0
w 160 688 160 704 0
152 160 720 240 720 0 2 0 5
150 64 752 160 752 0 2 0 5
150 64 688 160 688 0 2 0 5
w 16 704 16 768 0
w 64 672 -16 672 0
w 112 800 32 800 0
