 $ 1 0.000005 0.05817778142098084 13 5 50 5e-11
184 320 448 352 448 0 1
L 320 480 256 480 0 0 false 5 0
L 320 448 256 448 0 1 false 5 0
x 230 453 246 456 4 24 A
x 228 486 244 489 4 24 B
x 82 548 247 551 4 24 Selector\sFROM
L 384 544 256 544 0 0 false 5 0
x 218 413 406 416 4 24 multiplexers\sMUX
185 416 448 432 448 0 1
L 384 576 256 576 0 1 false 5 0
x 82 580 209 583 4 24 Selector\sTO
x 570 472 642 475 4 24 Output
x 431 410 667 413 4 24 demultiplexer\sDEMUX
w 448 544 448 576 0
w 384 576 448 576 0
M 512 448 560 448 0 2.5
M 512 480 560 480 0 2.5
