$ 1 0.000005 10.20027730826997 50 5 50 5e-11
L 832 -16 784 -16 0 1 false 5 0
L 832 16 784 16 0 1 false 5 0
M 1200 16 1296 16 0 2.5
x 656 -9 770 -6 4 24 Input\sSave
x 655 22 774 25 4 24 Input\sValue
150 832 0 928 0 0 2 0 5
150 928 80 1024 80 0 2 0 5
I 864 64 928 64 0 0.5 5
w 832 -16 832 64 0
w 832 64 864 64 0
152 1072 16 1152 16 0 2 0 5
w 928 0 1072 0 0
w 1024 80 1072 32 0
w 928 96 928 128 0
w 1200 16 1200 128 0
w 928 128 1200 128 0
x 1157 -14 1193 -11 4 24 Buf
x 870 102 920 105 4 24 NOT
180 1152 16 1200 16 0 0.1 10000000000 100000000 5
L 1168 32 1168 64 0 1 false 5 0
184 1024 272 1040 272 0 1
x 655 246 774 249 4 24 Input\sValue
x 656 375 770 378 4 24 Input\sSave
L 832 240 784 240 0 1 false 5 0
L 832 368 784 368 0 1 false 5 0
184 848 240 864 240 0 1
I 912 368 992 368 0 0.5 5
w 992 368 1088 368 0
180 1168 272 1216 272 0 0.1 10000000000 100000000 5
L 1184 288 1184 320 0 1 false 5 0
w 1168 272 1136 272 0
M 1216 272 1296 272 0 2.5
w 1120 272 1136 272 0
w 912 336 912 368 0
w 832 368 912 368 0
w 848 240 832 240 0
w 944 240 1136 240 0
w 1024 272 1008 272 0
w 1008 272 1008 224 0
w 1008 224 1216 224 0
w 1216 224 1216 272 0
w 1136 240 1136 272 0
b 640 208 1323 473 0
x 919 435 1036 438 4 24 not\sworked
