$ 1 0.000049999999999999996 0.2954511527092107 33 5 50 5e-11
184 1104 368 1136 368 0 1
x 454 -54 562 -51 4 24 Input\sByte
x 464 471 536 474 4 24 MODE
L 640 -112 592 -112 0 0 false 5 0
L 640 464 592 464 0 0 false 5 0
L 640 -96 592 -96 0 0 false 5 0
L 640 -80 592 -80 0 1 false 5 0
L 640 -64 592 -64 0 0 false 5 0
L 640 -48 592 -48 0 0 false 5 0
L 640 -32 592 -32 0 0 false 5 0
L 640 -16 592 -16 0 0 false 5 0
L 640 0 592 0 0 1 false 5 0
x 568 -110 584 -107 4 10 128
x 568 -94 579 -91 4 10 64
x 568 -77 579 -74 4 10 32
x 568 -61 579 -58 4 10 16
x 568 -43 573 -40 4 10 8
x 568 -26 573 -23 4 10 4
x 568 -11 573 -8 4 10 2
x 568 3 573 6 4 10 1
w 1088 464 640 464 0
x 1720 440 1790 443 4 24 ADD\s1
155 1360 368 1424 368 0 0
184 1104 240 1136 240 0 1
w 1088 464 1088 336 0
w 1088 464 1168 464 0
184 1104 112 1136 112 0 1
184 1104 -16 1136 -16 0 1
184 1104 -144 1136 -144 0 1
184 1104 -272 1136 -272 0 1
184 1104 -400 1136 -400 0 1
184 1104 -528 1136 -528 0 1
w 1088 336 1168 336 0
w 1088 336 1088 208 0
w 1088 208 1168 208 0
w 1168 80 1088 80 0
w 1088 80 1088 208 0
w 1168 -48 1088 -48 0
w 1088 -48 1088 80 0
w 1168 -176 1088 -176 0
w 1088 -176 1088 -48 0
w 1168 -304 1088 -304 0
w 1088 -304 1088 -176 0
w 1168 -432 1088 -432 0
w 1088 -432 1088 -304 0
w 640 0 640 400 0
w 1104 400 640 400 0
w 1104 272 656 272 0
w 640 -16 656 -16 0
w 656 -16 656 272 0
w 1104 144 672 144 0
w 640 -32 672 -32 0
w 672 -32 672 144 0
w 1104 16 688 16 0
w 640 -48 688 -48 0
w 688 -48 688 16 0
w 640 -112 640 -496 0
w 1104 -496 640 -496 0
w 1104 -368 656 -368 0
w 656 -368 656 -96 0
w 656 -96 640 -96 0
w 1104 -240 672 -240 0
w 672 -240 672 -80 0
w 640 -80 672 -80 0
w 1104 -112 688 -112 0
w 688 -112 688 -64 0
w 640 -64 688 -64 0
155 1360 240 1424 240 0 0
155 1360 -16 1424 -16 0 0
155 1360 112 1424 112 0 0
155 1360 -272 1424 -272 0 0
155 1360 -144 1424 -144 0 0
155 1360 -528 1424 -528 0 0
155 1360 -400 1424 -400 0 0
w 1200 368 1360 368 0
w 1200 240 1360 240 0
w 1200 112 1360 112 0
w 1200 -16 1360 -16 0
w 1200 -144 1360 -144 0
w 1200 -272 1360 -272 0
w 1200 -400 1360 -400 0
w 1200 -528 1360 -528 0
w 1360 400 1360 272 0
w 1360 272 1360 144 0
w 1360 144 1360 16 0
w 1360 16 1360 -112 0
w 1360 -112 1360 -240 0
w 1360 -496 1360 -368 0
w 1360 -368 1360 -240 0
w 2000 -464 2000 -560 0
w 1104 -528 1088 -528 0
w 1088 -528 1088 -560 0
w 1088 -560 2000 -560 0
w 2016 -336 2016 -576 0
w 2016 -576 1072 -576 0
w 1072 -576 1072 -400 0
w 1072 -400 1104 -400 0
w 2032 -208 2032 -592 0
w 2032 -592 1056 -592 0
w 1056 -592 1056 -272 0
w 1056 -272 1104 -272 0
w 2048 -80 2048 -608 0
w 2048 -608 1040 -608 0
w 1040 -608 1040 -144 0
w 1040 -144 1104 -144 0
w 2064 48 2064 -624 0
w 2064 -624 1024 -624 0
w 1024 -624 1024 -16 0
w 1024 -16 1104 -16 0
w 2080 176 2080 -640 0
w 2080 -640 1008 -640 0
w 1008 -640 1008 112 0
w 1008 112 1104 112 0
w 2096 304 2096 -656 0
w 2096 -656 992 -656 0
w 992 -656 992 240 0
w 992 240 1104 240 0
w 2112 432 2112 -672 0
w 2112 -672 976 -672 0
w 976 -672 976 368 0
w 976 368 1104 368 0
w 2368 -624 2368 -464 0
w 2384 -624 2368 -624 0
I 2256 -608 2320 -608 0 0.5 5
w 2384 -592 2384 -624 0
w 2384 -560 2384 -528 0
w 2448 -528 2384 -528 0
w 2448 -528 2480 -528 0
w 2320 -656 2320 -608 0
w 2320 -608 2320 -560 0
w 2384 -560 2320 -560 0
w 2384 -656 2320 -656 0
157 2384 -656 2416 -656 0 7 0 0
w 2368 -464 2368 -304 0
w 2384 -464 2368 -464 0
I 2256 -448 2320 -448 0 0.5 5
w 2384 -432 2384 -464 0
w 2384 -400 2384 -368 0
w 2448 -368 2384 -368 0
w 2448 -368 2480 -368 0
w 2320 -496 2320 -448 0
w 2320 -448 2320 -400 0
w 2384 -400 2320 -400 0
w 2384 -496 2320 -496 0
157 2384 -496 2416 -496 0 7 0 0
157 2384 -176 2416 -176 0 7 0 0
w 2384 -176 2320 -176 0
w 2384 -80 2320 -80 0
w 2320 -128 2320 -80 0
w 2320 -176 2320 -128 0
w 2448 -48 2480 -48 0
w 2448 -48 2384 -48 0
w 2384 -80 2384 -48 0
w 2384 -112 2384 -144 0
I 2256 -128 2320 -128 0 0.5 5
w 2384 -144 2368 -144 0
w 2368 -144 2368 16 0
157 2384 -336 2416 -336 0 7 0 0
w 2384 -336 2320 -336 0
w 2384 -240 2320 -240 0
w 2320 -288 2320 -240 0
w 2320 -336 2320 -288 0
w 2448 -208 2480 -208 0
w 2448 -208 2384 -208 0
w 2384 -240 2384 -208 0
w 2384 -272 2384 -304 0
I 2256 -288 2320 -288 0 0.5 5
w 2384 -304 2368 -304 0
w 2368 -304 2368 -144 0
157 2384 144 2416 144 0 7 0 0
w 2384 144 2320 144 0
w 2384 240 2320 240 0
w 2320 192 2320 240 0
w 2320 144 2320 192 0
w 2448 272 2480 272 0
w 2448 272 2384 272 0
w 2384 240 2384 272 0
w 2384 208 2384 176 0
I 2256 192 2320 192 0 0.5 5
w 2384 176 2368 176 0
w 2368 176 2368 336 0
157 2384 -16 2416 -16 0 7 0 0
w 2384 -16 2320 -16 0
w 2384 80 2320 80 0
w 2320 32 2320 80 0
w 2320 -16 2320 32 0
w 2448 112 2480 112 0
w 2448 112 2384 112 0
w 2384 80 2384 112 0
w 2384 48 2384 16 0
I 2256 32 2320 32 0 0.5 5
w 2384 16 2368 16 0
w 2368 16 2368 176 0
157 2384 464 2416 464 0 7 0 0
w 2384 464 2320 464 0
w 2384 560 2320 560 0
w 2320 512 2320 560 0
w 2320 464 2320 512 0
w 2448 592 2480 592 0
w 2448 592 2384 592 0
w 2384 560 2384 592 0
w 2384 528 2384 496 0
I 2256 512 2320 512 0 0.5 5
w 2384 496 2368 496 0
157 2384 304 2416 304 0 7 0 0
w 2384 304 2320 304 0
w 2384 400 2320 400 0
w 2320 352 2320 400 0
w 2320 304 2320 352 0
w 2448 432 2480 432 0
w 2448 432 2384 432 0
w 2384 400 2384 432 0
w 2384 368 2384 336 0
I 2256 352 2320 352 0 0.5 5
w 2384 336 2368 336 0
w 2368 336 2368 496 0
w 2256 -608 2240 -608 0
w 2240 -464 2240 -608 0
w 2256 -448 2256 -336 0
w 2256 32 2240 32 0
w 2256 192 2224 192 0
w 2224 192 2224 176 0
w 2256 352 2208 352 0
w 2208 352 2208 304 0
w 2256 512 2192 512 0
w 2192 512 2192 432 0
L 2384 -624 2384 -640 0 1 false 5 0
x 1367 486 1482 489 4 24 D-TRIGER
x 1122 501 1175 504 4 24 MUX
x 341 534 543 537 4 24 CLOCK\s(next\sstep)
w 640 528 1360 528 0
w 1360 400 1360 528 0
x 1863 499 1947 502 4 24 ADDER
x 2063 499 2113 502 4 24 OUT
L 1856 432 1808 432 0 1 false 5 0
196 1856 368 1872 368 2 1
196 1856 240 1872 240 2 1
196 1856 112 1872 112 2 1
196 1856 -16 1872 -16 2 1
196 1856 -144 1872 -144 2 1
196 1856 -272 1872 -272 2 1
196 1856 -400 1872 -400 2 1
w 1952 368 1952 336 0
w 1952 336 1856 336 0
w 1856 304 1856 336 0
w 1952 240 1952 208 0
w 1952 208 1856 208 0
w 1856 176 1856 208 0
w 1952 112 1952 80 0
w 1952 80 1856 80 0
w 1856 48 1856 80 0
w 1952 -16 1952 -48 0
w 1952 -48 1856 -48 0
w 1856 -80 1856 -48 0
w 1952 -144 1952 -176 0
w 1952 -176 1856 -176 0
w 1856 -208 1856 -176 0
w 1952 -272 1952 -304 0
w 1952 -304 1856 -304 0
w 1856 -336 1856 -304 0
L 1856 368 1808 368 0 0 false 5 0
L 1856 240 1808 240 0 0 false 5 0
L 1856 112 1808 112 0 0 false 5 0
L 1856 -16 1808 -16 0 0 false 5 0
L 1856 -144 1808 -144 0 0 false 5 0
L 1856 -272 1808 -272 0 0 false 5 0
L 1856 -400 1808 -400 0 0 false 5 0
L 1856 -528 1808 -528 0 0 false 5 0
w 1856 -464 1856 -432 0
196 1856 -528 1872 -528 2 1
M 1952 -528 1984 -528 0 2.5
w 1952 -400 1952 -432 0
w 1952 -432 1856 -432 0
w 1856 -496 1456 -496 0
w 1856 -368 1456 -368 0
w 1456 -528 1456 -496 0
w 1456 -400 1456 -368 0
w 1856 -240 1456 -240 0
w 1456 -272 1456 -240 0
w 1856 -112 1456 -112 0
w 1456 -144 1456 -112 0
w 1856 16 1456 16 0
w 1456 -16 1456 16 0
w 1856 144 1456 144 0
w 1456 112 1456 144 0
w 1856 272 1456 272 0
w 1456 240 1456 272 0
w 1856 400 1456 400 0
w 1456 368 1456 400 0
w 1952 -464 2000 -464 0
w 2000 -464 2240 -464 0
w 1952 -336 2016 -336 0
w 2016 -336 2256 -336 0
w 1952 432 2112 432 0
w 2112 432 2192 432 0
w 1952 304 2096 304 0
w 2096 304 2208 304 0
w 1952 176 2080 176 0
w 2080 176 2224 176 0
w 1952 48 2064 48 0
w 2064 48 2240 48 0
w 2240 32 2240 48 0
w 1952 -80 2048 -80 0
w 2048 -80 2256 -80 0
w 2256 -128 2256 -80 0
w 1952 -208 2032 -208 0
w 2032 -208 2256 -208 0
w 2256 -288 2256 -208 0
R 640 528 576 528 1 2 100 2.5 2.5 0 0.5
