$ 1 0.000005 10.20027730826997 50 5 50 5e-11
L 832 -16 784 -16 0 1 false 5 0
M 1104 16 1168 16 0 2.5
x 898 -43 1014 -40 4 24 NOR\s\p\sOR
w 864 -16 848 -16 0
w 832 -16 848 -16 0
153 864 0 992 0 0 2 0 5
152 992 16 1104 16 0 2 5 5
w 864 32 992 32 0
152 880 128 992 128 0 2 5 5
w 832 -16 832 16 0
w 832 16 864 16 0
w 832 16 832 32 0
w 832 32 864 32 0
w 832 32 832 112 0
w 832 112 880 112 0
I 832 144 880 144 0 0.5 5
w 832 112 832 144 0
M 992 128 1168 128 0 2.5
x 897 86 1080 89 4 24 через\sNOT\sи\sOR
x 901 197 1116 200 4 24 через\sNOT\sи\sNAND
I 832 256 880 256 0 0.5 5
151 896 240 976 240 0 2 5 5
w 832 144 832 224 0
w 832 224 896 224 0
w 832 224 832 256 0
M 976 240 1168 240 0 2.5
w 880 256 896 256 0
