$ 1 0.000005 10.20027730826997 50 5 50 5e-11
M -3520 -1552 -3440 -1552 0 2.5
M -3520 -1568 -3440 -1568 0 2.5
M -3520 -1584 -3440 -1584 0 2.5
M -3520 -1600 -3440 -1600 0 2.5
M -3520 -1616 -3440 -1616 0 2.5
M -3520 -1632 -3440 -1632 0 2.5
M -3520 -1648 -3440 -1648 0 2.5
M -3520 -1664 -3440 -1664 0 2.5
L -4192 -1552 -4256 -1552 0 0 false 5 0
L -4192 -1568 -4256 -1568 0 0 false 5 0
L -4192 -1584 -4256 -1584 0 0 false 5 0
L -4192 -1600 -4256 -1600 0 0 false 5 0
L -4192 -1616 -4256 -1616 0 0 false 5 0
L -4192 -1632 -4256 -1632 0 0 false 5 0
L -4192 -1648 -4256 -1648 0 0 false 5 0
L -4192 -1664 -4256 -1664 0 0 false 5 0
b -3509 -1448 -4202 -2642 0
x -4163 -1525 -4093 -1522 4 24 DataIn
x -3612 -1524 -3540 -1521 4 24 Output
w -4160 -1664 -4192 -1664 0
w -4160 -2448 -4160 -1664 0
w -4144 -1648 -4192 -1648 0
w -4144 -2320 -4144 -1648 0
w -4128 -1632 -4192 -1632 0
w -4128 -2192 -4128 -1632 0
w -4112 -1616 -4192 -1616 0
w -4112 -2064 -4112 -1616 0
w -4096 -1600 -4192 -1600 0
w -4096 -1936 -4096 -1600 0
w -4080 -1584 -4192 -1584 0
w -4080 -1808 -4080 -1584 0
w -4064 -1568 -4192 -1568 0
w -4064 -1680 -4064 -1568 0
w -4192 -1552 -4064 -1552 0
w -3536 -1664 -3520 -1664 0
w -3536 -2448 -3536 -1664 0
w -3552 -1648 -3520 -1648 0
w -3552 -2320 -3552 -1648 0
w -3568 -1632 -3520 -1632 0
w -3568 -2192 -3568 -1632 0
w -3584 -1616 -3520 -1616 0
w -3584 -2064 -3584 -1616 0
w -3600 -1600 -3520 -1600 0
w -3600 -1936 -3600 -1600 0
w -3616 -1584 -3520 -1584 0
w -3616 -1808 -3616 -1584 0
w -3632 -1568 -3520 -1568 0
155 -3824 -1552 -3776 -1552 0 0
w -3824 -1648 -3824 -1520 0
w -3728 -1552 -3712 -1552 0
w -3712 -1552 -3712 -1472 0
w -3712 -1472 -4000 -1472 0
w -3920 -1536 -3920 -1504 0
w -4000 -1488 -4000 -1472 0
I -4048 -1520 -4000 -1520 0 0.5 5
150 -4000 -1504 -3920 -1504 0 2 0 5
152 -3920 -1552 -3824 -1552 0 2 0 5
w -4000 -1584 -4048 -1584 0
w -4064 -1552 -4000 -1552 0
150 -4000 -1568 -3920 -1568 0 2 0 5
w -4048 -1648 -4048 -1584 0
w -4048 -1584 -4048 -1520 0
180 -3696 -1552 -3632 -1552 4 0.1 10000000000 100000000 5
w -3632 -1552 -3520 -1552 0
w -3696 -1552 -3712 -1552 0
w -3648 -1664 -3648 -1536 0
w -3648 -1536 -3664 -1536 0
155 -3824 -1680 -3776 -1680 0 0
w -3824 -1776 -3824 -1648 0
w -3728 -1680 -3712 -1680 0
w -3712 -1680 -3712 -1600 0
w -3712 -1600 -4000 -1600 0
w -3920 -1664 -3920 -1632 0
w -4000 -1616 -4000 -1600 0
I -4048 -1648 -4000 -1648 0 0.5 5
150 -4000 -1632 -3920 -1632 0 2 0 5
152 -3920 -1680 -3824 -1680 0 2 0 5
w -4000 -1712 -4048 -1712 0
w -4064 -1680 -4000 -1680 0
150 -4000 -1696 -3920 -1696 0 2 0 5
w -4048 -1776 -4048 -1712 0
w -4048 -1712 -4048 -1648 0
180 -3696 -1680 -3632 -1680 4 0.1 10000000000 100000000 5
w -3632 -1680 -3632 -1568 0
w -3696 -1680 -3712 -1680 0
w -3648 -1792 -3648 -1664 0
w -3648 -1664 -3664 -1664 0
155 -3824 -1808 -3776 -1808 0 0
w -3824 -1904 -3824 -1776 0
w -3728 -1808 -3712 -1808 0
w -3712 -1808 -3712 -1728 0
w -3712 -1728 -4000 -1728 0
w -3920 -1792 -3920 -1760 0
w -4000 -1744 -4000 -1728 0
I -4048 -1776 -4000 -1776 0 0.5 5
150 -4000 -1760 -3920 -1760 0 2 0 5
152 -3920 -1808 -3824 -1808 0 2 0 5
w -4000 -1840 -4048 -1840 0
w -4080 -1808 -4000 -1808 0
150 -4000 -1824 -3920 -1824 0 2 0 5
w -4048 -1904 -4048 -1840 0
w -4048 -1840 -4048 -1776 0
180 -3696 -1808 -3632 -1808 4 0.1 10000000000 100000000 5
w -3632 -1808 -3616 -1808 0
w -3696 -1808 -3712 -1808 0
w -3648 -1920 -3648 -1792 0
w -3648 -1792 -3664 -1792 0
155 -3824 -1936 -3776 -1936 0 0
w -3824 -2032 -3824 -1904 0
w -3728 -1936 -3712 -1936 0
w -3712 -1936 -3712 -1856 0
w -3712 -1856 -4000 -1856 0
w -3920 -1920 -3920 -1888 0
w -4000 -1872 -4000 -1856 0
I -4048 -1904 -4000 -1904 0 0.5 5
150 -4000 -1888 -3920 -1888 0 2 0 5
152 -3920 -1936 -3824 -1936 0 2 0 5
w -4000 -1968 -4048 -1968 0
w -4096 -1936 -4000 -1936 0
150 -4000 -1952 -3920 -1952 0 2 0 5
w -4048 -2032 -4048 -1968 0
w -4048 -1968 -4048 -1904 0
180 -3696 -1936 -3632 -1936 4 0.1 10000000000 100000000 5
w -3632 -1936 -3600 -1936 0
w -3696 -1936 -3712 -1936 0
w -3648 -2048 -3648 -1920 0
w -3648 -1920 -3664 -1920 0
155 -3824 -2064 -3776 -2064 0 0
w -3824 -2160 -3824 -2032 0
w -3728 -2064 -3712 -2064 0
w -3712 -2064 -3712 -1984 0
w -3712 -1984 -4000 -1984 0
w -3920 -2048 -3920 -2016 0
w -4000 -2000 -4000 -1984 0
I -4048 -2032 -4000 -2032 0 0.5 5
150 -4000 -2016 -3920 -2016 0 2 0 5
152 -3920 -2064 -3824 -2064 0 2 0 5
w -4000 -2096 -4048 -2096 0
w -4112 -2064 -4000 -2064 0
150 -4000 -2080 -3920 -2080 0 2 0 5
w -4048 -2160 -4048 -2096 0
w -4048 -2096 -4048 -2032 0
180 -3696 -2064 -3632 -2064 4 0.1 10000000000 100000000 5
w -3632 -2064 -3584 -2064 0
w -3696 -2064 -3712 -2064 0
w -3648 -2176 -3648 -2048 0
w -3648 -2048 -3664 -2048 0
155 -3824 -2192 -3776 -2192 0 0
w -3824 -2288 -3824 -2160 0
w -3728 -2192 -3712 -2192 0
w -3712 -2192 -3712 -2112 0
w -3712 -2112 -4000 -2112 0
w -3920 -2176 -3920 -2144 0
w -4000 -2128 -4000 -2112 0
I -4048 -2160 -4000 -2160 0 0.5 5
150 -4000 -2144 -3920 -2144 0 2 0 5
152 -3920 -2192 -3824 -2192 0 2 0 5
w -4000 -2224 -4048 -2224 0
w -4128 -2192 -4000 -2192 0
150 -4000 -2208 -3920 -2208 0 2 0 5
w -4048 -2288 -4048 -2224 0
w -4048 -2224 -4048 -2160 0
180 -3696 -2192 -3632 -2192 4 0.1 10000000000 100000000 5
w -3632 -2192 -3568 -2192 0
w -3696 -2192 -3712 -2192 0
w -3648 -2304 -3648 -2176 0
w -3648 -2176 -3664 -2176 0
w -3648 -2304 -3664 -2304 0
w -3648 -2432 -3648 -2304 0
w -3648 -2432 -3664 -2432 0
w -3648 -2528 -3648 -2432 0
w -3696 -2320 -3712 -2320 0
w -3632 -2320 -3552 -2320 0
180 -3696 -2320 -3632 -2320 4 0.1 10000000000 100000000 5
w -4048 -2352 -4048 -2288 0
w -4048 -2416 -4048 -2352 0
150 -4000 -2336 -3920 -2336 0 2 0 5
w -4144 -2320 -4000 -2320 0
w -4000 -2352 -4048 -2352 0
152 -3920 -2320 -3824 -2320 0 2 0 5
150 -4000 -2272 -3920 -2272 0 2 0 5
I -4048 -2288 -4000 -2288 0 0.5 5
w -4000 -2256 -4000 -2240 0
w -3920 -2304 -3920 -2272 0
w -3712 -2240 -4000 -2240 0
w -3712 -2320 -3712 -2240 0
w -3728 -2320 -3712 -2320 0
w -3824 -2416 -3824 -2288 0
155 -3824 -2320 -3776 -2320 0 0
w -3712 -2448 -3696 -2448 0
x -4416 -2524 -4269 -2521 4 18 RD\s(Read\sEnable)
x -3809 -2508 -3752 -2505 4 12 D-TRIGER
x -3810 -2493 -3752 -2490 4 12 D\sFlip-Flop
w -3824 -2592 -4208 -2592 0
w -3824 -2416 -3824 -2592 0
x -3940 -2507 -3855 -2489 4 12 MUX\s2\sto\s1\\n(CMOS-логика)
x -4421 -2590 -4269 -2587 4 18 CLOCK\s(next\sstep)
R -4208 -2592 -4256 -2592 1 2 100 2.5 2.5 0 0.5
L -4208 -2528 -4256 -2528 0 0 false 5 0
w -3648 -2528 -4208 -2528 0
w -3536 -2448 -3632 -2448 0
180 -3696 -2448 -3632 -2448 4 0.1 10000000000 100000000 5
w -3920 -2432 -3920 -2400 0
w -4000 -2384 -4000 -2368 0
w -3712 -2368 -4000 -2368 0
w -3712 -2448 -3712 -2368 0
w -3728 -2448 -3712 -2448 0
I -4048 -2416 -4000 -2416 0 0.5 5
w -4048 -2480 -4048 -2416 0
w -4192 -2480 -4048 -2480 0
150 -4000 -2400 -3920 -2400 0 2 0 5
152 -3920 -2448 -3824 -2448 0 2 0 5
w -4000 -2480 -4048 -2480 0
155 -3824 -2448 -3776 -2448 0 0
x -4324 -2474 -4286 -2471 4 24 WE
w -4160 -2448 -4000 -2448 0
L -4192 -2480 -4272 -2480 0 1 false 5 0
150 -4000 -2464 -3920 -2464 0 2 0 5
x -3918 -2608 -3810 -2605 4 36 REG\s0
