$ 1 0.000005 10.20027730826997 50 5 50 5e-11
x 370 121 400 124 4 24 D1
x 364 -54 394 -51 4 24 D0
x 373 296 403 299 4 24 D2
x 372 483 402 486 4 24 D3
x 372 1187 402 1190 4 24 D7
x 367 1022 397 1025 4 24 D6
x 367 670 397 673 4 24 D4
x 372 835 402 838 4 24 D5
I -528 1440 -464 1440 0 0.5 5
I -528 1504 -464 1504 0 0.5 5
I -528 1376 -464 1376 0 0.5 5
150 -144 112 48 112 0 4 0 5
150 -144 -64 48 -64 0 4 0 5
150 -144 288 48 288 0 4 0 5
150 -144 464 48 464 0 4 0 5
150 -144 640 48 640 0 4 0 5
150 -144 816 48 816 0 4 0 5
150 -144 992 48 992 0 4 0 5
150 -144 1168 48 1168 0 4 5 5
L -592 1376 -752 1376 0 1 false 5 0
L -576 1440 -752 1440 0 1 false 5 0
L -560 1504 -752 1504 0 1 false 5 0
w -592 1376 -528 1376 0
w -528 1440 -576 1440 0
w -528 1504 -560 1504 0
w -464 1440 -448 1440 0
w -432 1504 -464 1504 0
x -846 1373 -830 1376 4 24 A
x -846 1437 -830 1440 4 24 B
x -846 1501 -829 1504 4 24 C
w 160 -80 160 96 0
w 176 -80 160 -80 0
I 48 -64 112 -64 0 0.5 5
w 176 -48 176 -80 0
w 176 -16 176 16 0
w 240 16 176 16 0
w 240 16 272 16 0
w 112 -112 112 -64 0
w 112 -64 112 -16 0
w 176 -16 112 -16 0
w 176 -112 112 -112 0
L 160 -80 128 -80 0 1 false 5 0
157 176 -112 208 -112 0 7 0 0
w 160 96 160 272 0
w 176 96 160 96 0
I 48 112 112 112 0 0.5 5
w 176 128 176 96 0
w 176 160 176 192 0
w 240 192 176 192 0
w 240 192 272 192 0
w 112 64 112 112 0
w 112 112 112 160 0
w 176 160 112 160 0
w 176 64 112 64 0
157 176 64 208 64 0 7 0 0
w 160 272 160 448 0
w 176 272 160 272 0
I 48 288 112 288 0 0.5 5
w 176 304 176 272 0
w 176 336 176 368 0
w 240 368 176 368 0
w 240 368 272 368 0
w 112 240 112 288 0
w 112 288 112 336 0
w 176 336 112 336 0
w 176 240 112 240 0
157 176 240 208 240 0 7 0 0
w 160 448 160 624 0
w 176 448 160 448 0
I 48 464 112 464 0 0.5 5
w 176 480 176 448 0
w 176 512 176 544 0
w 240 544 176 544 0
w 240 544 272 544 0
w 112 416 112 464 0
w 112 464 112 512 0
w 176 512 112 512 0
w 176 416 112 416 0
157 176 416 208 416 0 7 0 0
w 160 624 160 800 0
w 176 624 160 624 0
I 48 640 112 640 0 0.5 5
w 176 656 176 624 0
w 176 688 176 720 0
w 240 720 176 720 0
w 240 720 272 720 0
w 112 592 112 640 0
w 112 640 112 688 0
w 176 688 112 688 0
w 176 592 112 592 0
157 176 592 208 592 0 7 0 0
w 160 800 160 976 0
w 176 800 160 800 0
I 48 816 112 816 0 0.5 5
w 176 832 176 800 0
w 176 864 176 896 0
w 240 896 176 896 0
w 240 896 272 896 0
w 112 768 112 816 0
w 112 816 112 864 0
w 176 864 112 864 0
w 176 768 112 768 0
157 176 768 208 768 0 7 0 0
w 160 976 160 1152 0
w 176 976 160 976 0
I 48 992 112 992 0 0.5 5
w 176 1008 176 976 0
w 176 1040 176 1072 0
w 240 1072 176 1072 0
w 240 1072 272 1072 0
w 112 944 112 992 0
w 112 992 112 1040 0
w 176 1040 112 1040 0
w 176 944 112 944 0
157 176 944 208 944 0 7 0 0
w 176 1152 160 1152 0
I 48 1168 112 1168 0 0.5 5
w 176 1184 176 1152 0
w 176 1216 176 1248 0
w 240 1248 176 1248 0
w 240 1248 272 1248 0
w 112 1120 112 1168 0
w 112 1168 112 1216 0
w 176 1216 112 1216 0
w 176 1120 112 1120 0
157 176 1120 208 1120 0 7 0 0
w -592 1376 -592 1152 0
w -592 976 -592 800 0
w -144 96 -464 96 0
w -576 1440 -576 1184 0
w -576 1184 -576 1008 0
w -576 976 -576 480 0
w -576 480 -576 304 0
w -560 1504 -560 1200 0
w -560 1200 -560 1008 0
w -560 1008 -560 848 0
w -560 848 -560 624 0
w -464 1376 -464 1024 0
w -464 1024 -464 656 0
w -464 448 -464 272 0
w -464 272 -464 96 0
w -144 -80 -464 -80 0
w -448 1440 -448 832 0
w -448 832 -448 656 0
w -448 656 -448 128 0
w -144 128 -448 128 0
w -448 128 -448 -48 0
w -144 -48 -448 -48 0
w -432 1504 -432 1024 0
w -432 496 -432 320 0
w -432 320 -432 144 0
w -144 144 -560 144 0
w -432 144 -432 -32 0
w -144 -32 -432 -32 0
w -144 -96 -272 -96 0
L -272 -96 -672 -96 0 1 false 5 0
x -758 -94 -708 -91 4 24 Data
w -272 -96 -272 80 0
w -144 80 -272 80 0
w -272 80 -272 256 0
w -144 256 -272 256 0
w -272 256 -272 432 0
w -144 432 -272 432 0
w -272 432 -272 608 0
w -144 608 -272 608 0
w -272 608 -272 784 0
w -144 784 -272 784 0
w -272 784 -272 960 0
w -144 960 -272 960 0
w -272 960 -272 1136 0
w -144 1136 -272 1136 0
x -393 -167 49 -164 4 48 3\sbit\sdecoder\s(3\sto\s8)
w -560 496 -560 144 0
w -464 -80 -464 96 0
w -144 304 -576 304 0
w -144 272 -464 272 0
w -144 320 -432 320 0
w -144 496 -560 496 0
w -144 480 -576 480 0
w -144 448 -464 448 0
w -464 448 -464 656 0
w -560 624 -560 496 0
w -144 624 -592 624 0
w -592 624 -592 800 0
w -144 656 -448 656 0
w -144 672 -432 672 0
w -432 672 -432 496 0
w -144 800 -592 800 0
w -144 848 -560 848 0
w -144 832 -448 832 0
w -432 848 -432 672 0
w -144 976 -592 976 0
w -144 1008 -576 1008 0
w -144 1024 -432 1024 0
w -432 1024 -432 848 0
w -576 1008 -576 976 0
w -592 976 -592 1152 0
w -144 1152 -592 1152 0
w -144 1184 -576 1184 0
w -144 1200 -560 1200 0
w -1136 416 -1136 80 0
w -1232 416 -1136 416 0
w -1152 64 -1136 64 0
w -1152 352 -1152 64 0
w -1232 352 -1152 352 0
w -1168 48 -1136 48 0
w -1168 288 -1168 48 0
w -1232 288 -1168 288 0
w -1184 32 -1136 32 0
w -1184 32 -1184 224 0
w -1232 224 -1184 224 0
w -1200 16 -1136 16 0
w -1200 160 -1200 16 0
w -1232 160 -1200 160 0
w -1216 0 -1136 0 0
w -1216 96 -1216 0 0
w -1232 96 -1216 96 0
w -1232 -16 -1136 -16 0
w -1232 32 -1232 -16 0
w -1232 -32 -1136 -32 0
M -1136 80 -1104 80 0 2.5
M -1136 64 -1104 64 0 2.5
M -1136 48 -1104 48 0 2.5
M -1136 32 -1104 32 0 2.5
M -1136 16 -1104 16 0 2.5
M -1136 0 -1104 0 0 2.5
M -1136 -16 -1104 -16 0 2.5
M -1136 -32 -1104 -32 0 2.5
w -1360 288 -1360 224 0
w -1360 -32 -1360 32 0
w -1328 -48 -1376 -48 0
w -1328 -32 -1360 -32 0
w -1328 -16 -1344 -16 0
w -1376 80 -1376 16 0
w -1328 16 -1376 16 0
w -1328 32 -1360 32 0
w -1328 48 -1472 48 0
w -1328 80 -1376 80 0
w -1328 96 -1488 96 0
w -1344 112 -1344 0 0
w -1328 112 -1344 112 0
w -1472 240 -1472 176 0
w -1328 176 -1472 176 0
w -1328 160 -1488 160 0
w -1376 144 -1376 80 0
w -1328 144 -1376 144 0
w -1328 208 -1504 208 0
w -1360 224 -1360 32 0
w -1328 224 -1360 224 0
w -1344 240 -1344 112 0
w -1328 240 -1344 240 0
w -1504 272 -1504 208 0
w -1328 272 -1504 272 0
w -1360 464 -1360 288 0
w -1328 288 -1360 288 0
w -1472 304 -1472 240 0
w -1328 304 -1472 304 0
w -1488 352 -1488 160 0
w -1504 336 -1504 272 0
w -1504 400 -1504 336 0
w -1328 336 -1504 336 0
w -1472 432 -1472 304 0
w -1488 416 -1488 352 0
w -1328 352 -1488 352 0
w -1344 240 -1344 368 0
w -1328 368 -1344 368 0
w -1328 400 -1504 400 0
w -1328 416 -1488 416 0
w -1328 432 -1472 432 0
w -1392 448 -1376 448 0
w -1488 464 -1440 464 0
w -1344 0 -1344 -16 0
x -1467 -107 -1025 -104 4 48 3\sbit\sdecoder\s(3\sto\s8)
w -1344 480 -1344 368 0
w -1376 16 -1376 -48 0
w -1376 448 -1376 144 0
w -1472 176 -1472 48 0
w -1472 480 -1472 432 0
w -1488 160 -1488 96 0
w -1488 464 -1488 416 0
w -1504 448 -1504 400 0
x -1580 485 -1568 488 4 18 C
x -1580 469 -1568 472 4 18 B
x -1580 451 -1568 454 4 18 A
w -1376 464 -1360 464 0
w -1408 480 -1472 480 0
w -1504 448 -1456 448 0
L -1472 480 -1552 480 0 1 false 5 0
L -1488 464 -1552 464 0 1 false 5 0
L -1504 448 -1552 448 0 0 false 5 0
150 -1328 416 -1232 416 0 3 0 5
150 -1328 352 -1232 352 0 3 0 5
150 -1328 288 -1232 288 0 3 0 5
150 -1328 224 -1232 224 0 3 0 5
150 -1328 160 -1232 160 0 3 5 5
150 -1328 96 -1232 96 0 3 0 5
150 -1328 -32 -1232 -32 0 3 0 5
150 -1328 32 -1232 32 0 3 0 5
I -1456 448 -1392 448 0 0.5 5
I -1408 480 -1344 480 0 0.5 5
I -1440 464 -1376 464 0 0.5 5
x -1092 49 -1072 52 4 16 D5
x -1092 34 -1072 37 4 16 D4
x -1091 65 -1071 68 4 16 D6
x -1091 80 -1071 83 4 16 D7
x -1092 19 -1072 22 4 16 D3
x -1092 6 -1072 9 4 16 D2
x -1093 -27 -1073 -24 4 16 D0
x -1092 -10 -1072 -7 4 16 D1
