$ 1 0.000005 10.20027730826997 50 5 50 5e-11
x 1138 249 1168 252 4 24 D1
x 1132 74 1162 77 4 24 D0
x 1141 424 1171 427 4 24 D2
x 1140 611 1170 614 4 24 D3
I 240 896 304 896 0 0.5 5
I 240 832 304 832 0 0.5 5
150 624 240 816 240 0 2 0 5
150 624 64 816 64 0 2 5 5
150 624 416 816 416 0 2 0 5
150 624 592 816 592 0 2 0 5
L 192 832 32 832 0 0 false 5 0
L 208 896 32 896 0 0 false 5 0
w 192 832 240 832 0
w 240 896 208 896 0
w 304 896 320 896 0
x -15 840 1 843 4 24 A
x -12 905 4 908 4 24 B
w 928 48 928 224 0
w 944 48 928 48 0
I 816 64 880 64 0 0.5 5
w 944 80 944 48 0
w 944 112 944 144 0
w 1008 144 944 144 0
w 1008 144 1040 144 0
w 880 16 880 64 0
w 880 64 880 112 0
w 944 112 880 112 0
w 944 16 880 16 0
L 928 48 896 48 0 1 false 5 0
157 944 16 976 16 0 7 0 0
w 928 224 928 400 0
w 944 224 928 224 0
I 816 240 880 240 0 0.5 5
w 944 256 944 224 0
w 944 288 944 320 0
w 1008 320 944 320 0
w 1008 320 1040 320 0
w 880 192 880 240 0
w 880 240 880 288 0
w 944 288 880 288 0
w 944 192 880 192 0
157 944 192 976 192 0 7 0 0
w 928 400 928 576 0
w 944 400 928 400 0
I 816 416 880 416 0 0.5 5
w 944 432 944 400 0
w 944 464 944 496 0
w 1008 496 944 496 0
w 1008 496 1040 496 0
w 880 368 880 416 0
w 880 416 880 464 0
w 944 464 880 464 0
w 944 368 880 368 0
157 944 368 976 368 0 7 0 0
w 944 576 928 576 0
I 816 592 880 592 0 0.5 5
w 944 608 944 576 0
w 944 640 944 672 0
w 1008 672 944 672 0
w 1008 672 1040 672 0
w 880 544 880 592 0
w 880 592 880 640 0
w 944 640 880 640 0
w 944 544 880 544 0
157 944 544 976 544 0 7 0 0
w 192 832 192 576 0
w 624 224 304 224 0
w 208 896 208 608 0
w 192 576 192 400 0
w 304 576 304 400 0
w 304 400 304 224 0
w 624 48 304 48 0
w 320 896 320 432 0
w 624 256 208 256 0
w 320 256 320 80 0
w 624 80 320 80 0
x 243 -31 685 -28 4 48 2\sbit\sdecoder\s(2\sto\s4)
w 208 608 208 256 0
w 304 48 304 224 0
w 624 432 320 432 0
w 624 400 192 400 0
w 624 608 208 608 0
w 624 576 192 576 0
w 304 576 304 832 0
w 320 256 320 432 0
b -64 -144 778 1002 0
