$ 1 0.000005 10.20027730826997 50 5 50 5e-11
x 1138 249 1168 252 4 24 D1
x 1132 74 1162 77 4 24 D0
x 1141 424 1171 427 4 24 D2
x 1140 611 1170 614 4 24 D3
L 528 656 368 656 0 0 false 5 0
L 512 688 368 688 0 1 false 5 0
x 336 663 352 666 4 24 A
x 335 692 351 695 4 24 B
w 928 48 928 224 0
w 944 48 928 48 0
I 816 64 880 64 0 0.5 5
w 944 80 944 48 0
w 944 112 944 144 0
w 1008 144 944 144 0
w 1008 144 1040 144 0
w 880 16 880 64 0
w 880 64 880 112 0
w 944 112 880 112 0
w 944 16 880 16 0
L 928 48 896 48 0 1 false 5 0
157 944 16 976 16 0 7 0 0
w 928 224 928 400 0
w 944 224 928 224 0
I 816 240 880 240 0 0.5 5
w 944 256 944 224 0
w 944 288 944 320 0
w 1008 320 944 320 0
w 1008 320 1040 320 0
w 880 192 880 240 0
w 880 240 880 288 0
w 944 288 880 288 0
w 944 192 880 192 0
157 944 192 976 192 0 7 0 0
w 928 400 928 576 0
w 944 400 928 400 0
I 816 416 880 416 0 0.5 5
w 944 432 944 400 0
w 944 464 944 496 0
w 1008 496 944 496 0
w 1008 496 1040 496 0
w 880 368 880 416 0
w 880 416 880 464 0
w 944 464 880 464 0
w 944 368 880 368 0
157 944 368 976 368 0 7 0 0
w 944 576 928 576 0
I 816 592 880 592 0 0.5 5
w 944 608 944 576 0
w 944 640 944 672 0
w 1008 672 944 672 0
w 1008 672 1040 672 0
w 880 544 880 592 0
w 880 592 880 640 0
w 944 640 880 640 0
w 944 544 880 544 0
157 944 544 976 544 0 7 0 0
x 243 -31 685 -28 4 48 2\sbit\sdecoder\s(2\sto\s4)
b 201 -129 819 713 0
L 1280 -208 1280 -288 0 1 false 5 0
L 1312 -208 1312 -288 0 1 false 5 0
L 1376 -208 1376 -288 0 1 false 5 0
L 1344 -208 1344 -288 0 1 false 5 0
L 1472 -208 1472 -288 0 0 false 5 0
L 1504 -208 1504 -288 0 0 false 5 0
L 1440 -208 1440 -288 0 1 false 5 0
L 1408 -208 1408 -288 0 1 false 5 0
x 1269 -313 1292 -310 4 18 D0
x 1300 -313 1323 -310 4 18 D1
x 1329 -313 1352 -310 4 18 D2
x 1428 -313 1451 -310 4 18 D5
x 1396 -313 1419 -310 4 18 D4
x 1362 -313 1385 -310 4 18 D3
x 1493 -312 1516 -309 4 18 D7
x 1459 -312 1482 -309 4 18 D6
155 1600 -16 1664 -16 0 0
155 1600 80 1664 80 0 0
155 1600 176 1664 176 0 0
155 1600 272 1664 272 0 0
155 1600 368 1664 368 0 0
155 1600 464 1664 464 0 0
155 1600 560 1664 560 0 0
155 1600 656 1664 656 0 0
155 1984 656 2048 656 0 5
155 1984 560 2048 560 0 5
155 1984 464 2048 464 0 5
155 1984 368 2048 368 0 5
155 1984 272 2048 272 0 5
155 1984 176 2048 176 0 5
155 1984 80 2048 80 0 0
155 1984 -16 2048 -16 0 0
155 2352 656 2416 656 0 0
155 2352 560 2416 560 0 0
155 2352 464 2416 464 0 0
155 2352 368 2416 368 0 0
155 2352 272 2416 272 0 0
155 2352 176 2416 176 0 0
155 2352 80 2416 80 0 0
155 2352 -16 2416 -16 0 0
155 2720 656 2784 656 0 0
155 2720 560 2784 560 0 0
155 2720 464 2784 464 0 0
155 2720 368 2784 368 0 0
155 2720 272 2784 272 0 0
155 2720 176 2784 176 0 0
155 2720 80 2784 80 0 0
155 2720 -16 2784 -16 0 0
x 1260 -350 1524 -347 4 48 DATA\s1\sbyte
w 1504 -208 1504 -16 0
w 1600 656 1280 656 0
w 1472 -192 1472 80 0
w 1600 560 1312 560 0
w 1440 -176 1440 176 0
w 1600 464 1344 464 0
w 1408 -160 1408 272 0
w 1600 368 1376 368 0
w 1376 -144 1376 368 0
w 1600 272 1408 272 0
w 1344 -128 1344 464 0
w 1600 176 1440 176 0
w 1312 -112 1312 560 0
w 1600 80 1472 80 0
w 1280 -96 1280 656 0
w 1600 -16 1504 -16 0
w 1504 -208 1984 -208 0
w 1984 656 1872 656 0
w 1984 560 1888 560 0
w 1472 -192 1968 -192 0
w 1472 -208 1472 -192 0
w 1984 464 1904 464 0
w 1952 -176 1440 -176 0
w 1440 -208 1440 -176 0
w 1984 368 1920 368 0
w 1936 -160 1408 -160 0
w 1408 -208 1408 -160 0
w 1984 272 1936 272 0
w 1920 -144 1376 -144 0
w 1376 -208 1376 -144 0
w 1984 176 1952 176 0
w 1904 -128 1344 -128 0
w 1344 -208 1344 -128 0
w 1984 80 1968 80 0
w 1888 -112 1312 -112 0
w 1312 -208 1312 -112 0
w 1984 -16 1984 -208 0
w 1872 -96 1280 -96 0
w 1280 -208 1280 -96 0
w 1968 -192 1968 80 0
w 1952 -176 1952 176 0
w 1936 -160 1936 272 0
w 1920 -144 1920 368 0
w 1904 -128 1904 464 0
w 1888 -112 1888 560 0
w 1872 -96 1872 656 0
w 1984 -208 2352 -208 0
w 2352 -16 2352 -208 0
w 2336 -192 2336 80 0
w 2336 80 2352 80 0
w 2336 -192 1968 -192 0
w 1952 -176 2320 -176 0
w 2320 -176 2320 176 0
w 2352 176 2320 176 0
w 1936 -160 2304 -160 0
w 2304 -160 2304 272 0
w 2352 272 2304 272 0
w 1920 -144 2288 -144 0
w 2288 -144 2288 368 0
w 2352 368 2288 368 0
w 1904 -128 2272 -128 0
w 2272 -128 2272 464 0
w 2352 464 2272 464 0
w 1888 -112 2256 -112 0
w 2256 -112 2256 560 0
w 2352 560 2256 560 0
w 1872 -96 2240 -96 0
w 2240 -96 2240 656 0
w 2352 656 2240 656 0
w 2352 -208 2720 -208 0
w 2720 -16 2720 -208 0
w 2704 -192 2704 80 0
w 2720 80 2704 80 0
w 2336 -192 2704 -192 0
w 2320 -176 2688 -176 0
w 2688 -176 2688 176 0
w 2720 176 2688 176 0
w 2304 -160 2672 -160 0
w 2672 -160 2672 272 0
w 2720 272 2672 272 0
w 2288 -144 2656 -144 0
w 2656 -144 2656 368 0
w 2720 368 2656 368 0
w 2272 -128 2640 -128 0
w 2640 -128 2640 464 0
w 2720 464 2640 464 0
w 2256 -112 2624 -112 0
w 2624 -112 2624 560 0
w 2720 560 2624 560 0
w 2240 -96 2608 -96 0
w 2608 -96 2608 656 0
w 2720 656 2608 656 0
w 2720 16 2720 112 0
w 2720 112 2720 208 0
w 2720 208 2720 304 0
w 2720 304 2720 400 0
w 2720 400 2720 496 0
w 2720 496 2720 592 0
w 2720 592 2720 688 0
w 2720 688 2720 912 0
w 2352 688 2352 848 0
w 2352 592 2352 688 0
w 2352 496 2352 592 0
w 2352 400 2352 496 0
w 2352 304 2352 400 0
w 2352 208 2352 304 0
w 2352 112 2352 208 0
w 2352 16 2352 112 0
w 1984 688 1984 784 0
w 1984 592 1984 688 0
w 1984 496 1984 592 0
w 1984 400 1984 496 0
w 1984 304 1984 400 0
w 1984 208 1984 304 0
w 1984 112 1984 208 0
w 1984 16 1984 112 0
w 1984 784 992 784 0
w 1600 688 1600 720 0
w 1600 592 1600 688 0
w 1600 496 1600 592 0
w 1600 400 1600 496 0
w 1600 304 1600 400 0
w 1600 208 1600 304 0
w 1600 112 1600 208 0
w 1600 16 1600 112 0
L 464 736 368 736 0 1 false 5 0
x 287 742 349 745 4 24 SAVE
x 1875 -303 2312 -300 4 48 RAM\s4\sbyte\s(4x8\sbit)
x 1619 -43 1680 -40 4 48 R0
x 2007 -44 2068 -41 4 48 R1
x 2371 -44 2432 -41 4 48 R2
x 2742 -42 2803 -39 4 48 R3
184 2960 976 3008 976 0 2
w 816 64 800 64 0
w 800 64 800 704 0
w 1600 720 992 720 0
w 768 64 800 64 0
w 816 240 784 240 0
w 784 240 784 768 0
w 992 848 2352 848 0
w 656 240 784 240 0
w 768 832 768 416 0
w 768 416 640 416 0
w 768 416 816 416 0
w 752 592 752 896 0
w 752 592 816 592 0
w 992 912 2720 912 0
150 896 720 992 720 0 2 0 5
w 896 704 800 704 0
w 736 736 464 736 0
150 896 784 992 784 0 2 5 5
w 784 768 896 768 0
150 896 848 992 848 0 2 0 5
150 896 912 992 912 0 2 0 5
w 896 736 736 736 0
w 736 736 736 800 0
w 768 832 896 832 0
w 752 896 896 896 0
w 896 800 736 800 0
w 736 800 736 864 0
w 896 864 736 864 0
w 736 864 736 928 0
w 736 928 896 928 0
184 2960 1184 3008 1184 0 2
184 2960 1600 3008 1600 0 2
184 2960 1392 3008 1392 0 2
184 2960 2224 3008 2224 0 2
184 2960 2432 3008 2432 0 2
184 2960 2016 3008 2016 0 2
184 2960 1808 3008 1808 0 2
w 2816 -16 2944 -16 0
w 2960 1072 2944 1072 0
w 2944 1072 2944 -16 0
w 2816 80 2928 80 0
w 2928 80 2928 1280 0
w 2928 1280 2960 1280 0
w 2816 176 2912 176 0
w 2912 176 2912 1488 0
w 2816 272 2896 272 0
w 2896 272 2896 1696 0
w 2880 368 2880 1904 0
w 2864 464 2864 2112 0
w 2848 560 2848 2320 0
w 2832 656 2832 2528 0
w 2816 368 2880 368 0
w 2816 464 2864 464 0
w 2816 560 2848 560 0
w 2816 656 2832 656 0
w 2912 1488 2960 1488 0
w 2896 1696 2960 1696 0
w 2880 1904 2960 1904 0
w 2864 2112 2960 2112 0
w 2848 2320 2960 2320 0
w 2832 2528 2960 2528 0
w 2448 -16 2576 -16 0
w 2576 -16 2576 1040 0
w 2448 80 2560 80 0
w 2560 80 2560 1248 0
w 2448 176 2544 176 0
w 2544 176 2544 1456 0
w 2448 272 2528 272 0
w 2528 272 2528 1664 0
w 2448 368 2512 368 0
w 2512 368 2512 1872 0
w 2448 464 2496 464 0
w 2496 464 2496 2080 0
w 2448 560 2480 560 0
w 2480 560 2480 2288 0
w 2448 656 2464 656 0
w 2464 656 2464 2496 0
w 2080 -16 2208 -16 0
w 2208 -16 2208 1008 0
w 2080 80 2192 80 0
w 2192 80 2192 1216 0
w 2080 176 2176 176 0
w 2176 176 2176 1424 0
w 2080 272 2160 272 0
w 2160 272 2160 1632 0
w 2080 368 2144 368 0
w 2144 368 2144 1840 0
w 2080 464 2128 464 0
w 2128 464 2128 2048 0
w 2080 560 2112 560 0
w 2112 560 2112 2256 0
w 2080 656 2096 656 0
w 2096 656 2096 2464 0
w 1696 -16 1824 -16 0
w 1824 -16 1824 976 0
w 1696 80 1808 80 0
w 1808 80 1808 1184 0
w 1696 176 1792 176 0
w 1792 176 1792 1392 0
w 1696 272 1776 272 0
w 1776 272 1776 1600 0
w 1696 368 1760 368 0
w 1760 368 1760 1808 0
w 1696 464 1744 464 0
w 1744 464 1744 2016 0
w 1696 560 1728 560 0
w 1728 560 1728 2224 0
w 1696 656 1712 656 0
w 1712 656 1712 2432 0
w 2960 1040 2576 1040 0
w 2960 1248 2560 1248 0
w 2960 1456 2544 1456 0
w 2960 1664 2528 1664 0
w 2960 1872 2512 1872 0
w 2960 2080 2496 2080 0
w 2960 2288 2480 2288 0
w 2960 2496 2464 2496 0
w 2960 1008 2208 1008 0
w 2960 1216 2192 1216 0
w 2960 1424 2176 1424 0
w 2960 1632 2160 1632 0
w 2960 1840 2144 1840 0
w 2960 2048 2128 2048 0
w 2960 2256 2112 2256 0
w 2960 2464 2096 2464 0
w 2960 2432 1712 2432 0
w 2960 2224 1728 2224 0
w 2960 2016 1744 2016 0
w 2960 1808 1760 1808 0
w 2960 1600 1776 1600 0
w 2960 976 1824 976 0
w 2960 1184 1808 1184 0
w 2960 1392 1792 1392 0
w 3056 1136 3056 1152 0
w 3056 1152 560 1152 0
w 3024 1136 528 1136 0
w 3024 1344 528 1344 0
w 3056 1360 560 1360 0
w 3056 1360 3056 1344 0
w 528 656 528 1136 0
w 560 688 560 1152 0
157 3216 928 3248 928 0 7 0 0
w 3216 928 3152 928 0
w 3216 1024 3152 1024 0
w 3152 976 3152 1024 0
w 3152 928 3152 976 0
w 3280 1056 3312 1056 0
w 3280 1056 3216 1056 0
w 3216 1024 3216 1056 0
w 3216 992 3216 960 0
I 3088 976 3152 976 0 0.5 5
w 3216 960 3200 960 0
w 3200 960 3200 1168 0
157 3216 1136 3248 1136 0 7 0 0
w 3216 1136 3152 1136 0
w 3216 1232 3152 1232 0
w 3152 1184 3152 1232 0
w 3152 1136 3152 1184 0
w 3280 1264 3312 1264 0
w 3280 1264 3216 1264 0
w 3216 1232 3216 1264 0
w 3216 1200 3216 1168 0
I 3088 1184 3152 1184 0 0.5 5
w 3216 1168 3200 1168 0
w 3200 1168 3200 1376 0
157 3216 1344 3248 1344 0 7 0 0
w 3216 1344 3152 1344 0
w 3216 1440 3152 1440 0
w 3152 1392 3152 1440 0
w 3152 1344 3152 1392 0
w 3280 1472 3312 1472 0
w 3280 1472 3216 1472 0
w 3216 1440 3216 1472 0
w 3216 1408 3216 1376 0
I 3088 1392 3152 1392 0 0.5 5
w 3216 1376 3200 1376 0
w 3200 1376 3200 1584 0
157 3216 1552 3248 1552 0 7 0 0
w 3216 1552 3152 1552 0
w 3216 1648 3152 1648 0
w 3152 1600 3152 1648 0
w 3152 1552 3152 1600 0
w 3280 1680 3312 1680 0
w 3280 1680 3216 1680 0
w 3216 1648 3216 1680 0
w 3216 1616 3216 1584 0
I 3088 1600 3152 1600 0 0.5 5
w 3216 1584 3200 1584 0
w 3200 1584 3200 1792 0
157 3216 1760 3248 1760 0 7 0 0
w 3216 1760 3152 1760 0
w 3216 1856 3152 1856 0
w 3152 1808 3152 1856 0
w 3152 1760 3152 1808 0
w 3280 1888 3312 1888 0
w 3280 1888 3216 1888 0
w 3216 1856 3216 1888 0
w 3216 1824 3216 1792 0
I 3088 1808 3152 1808 0 0.5 5
w 3216 1792 3200 1792 0
w 3200 1792 3200 2000 0
157 3216 1968 3248 1968 0 7 0 0
w 3216 1968 3152 1968 0
w 3216 2064 3152 2064 0
w 3152 2016 3152 2064 0
w 3152 1968 3152 2016 0
w 3280 2096 3312 2096 0
w 3280 2096 3216 2096 0
w 3216 2064 3216 2096 0
w 3216 2032 3216 2000 0
I 3088 2016 3152 2016 0 0.5 5
w 3216 2000 3200 2000 0
w 3200 2000 3200 2208 0
157 3216 2176 3248 2176 0 7 0 0
w 3216 2176 3152 2176 0
w 3216 2272 3152 2272 0
w 3152 2224 3152 2272 0
w 3152 2176 3152 2224 0
w 3280 2304 3312 2304 0
w 3280 2304 3216 2304 0
w 3216 2272 3216 2304 0
w 3216 2240 3216 2208 0
I 3088 2224 3152 2224 0 0.5 5
w 3216 2208 3200 2208 0
w 3200 2208 3200 2416 0
157 3216 2384 3248 2384 0 7 0 0
w 3216 2384 3152 2384 0
w 3216 2480 3152 2480 0
w 3152 2432 3152 2480 0
w 3152 2384 3152 2432 0
w 3280 2512 3312 2512 0
w 3280 2512 3216 2512 0
w 3216 2480 3216 2512 0
w 3216 2448 3216 2416 0
I 3088 2432 3152 2432 0 0.5 5
w 3216 2416 3200 2416 0
w 3200 960 3200 944 0
x 287 774 352 777 4 24 LOAD
L 464 768 368 768 0 1 false 5 0
w 640 944 3200 944 0
w 464 768 640 768 0
w 640 768 640 944 0
w 3024 1552 528 1552 0
w 3056 1568 560 1568 0
w 3056 1552 3056 1568 0
w 3056 1776 560 1776 0
w 3024 1760 528 1760 0
w 3056 1984 560 1984 0
w 3024 1968 528 1968 0
w 3056 2192 560 2192 0
w 3024 2176 528 2176 0
w 3056 2400 560 2400 0
w 3024 2384 528 2384 0
w 3056 2608 560 2608 0
w 3024 2592 528 2592 0
185 496 496 560 496 0 2
w 560 656 560 688 0
w 512 688 560 688 0
L 496 496 432 496 0 1 false 5 0
w 624 496 624 64 0
w 624 64 768 64 0
w 624 528 640 528 0
w 656 240 656 560 0
w 656 560 624 560 0
w 752 592 624 592 0
w 528 1136 528 1344 0
w 560 1152 560 1360 0
w 528 1344 528 1552 0
w 560 1360 560 1568 0
w 528 1552 528 1760 0
w 560 1568 560 1776 0
w 560 1776 560 1984 0
w 528 1760 528 1968 0
w 528 1968 528 2176 0
w 560 1984 560 2192 0
w 528 2176 528 2384 0
w 560 2192 560 2400 0
w 528 2384 528 2592 0
w 560 2400 560 2608 0
w 3056 2592 3056 2608 0
w 3056 2384 3056 2400 0
w 3056 2176 3056 2192 0
w 3056 1968 3056 1984 0
w 3056 1760 3056 1776 0
w 640 528 640 416 0
