$ 1 0.000005 10.20027730826997 50 5 50 5e-11
x 591 -520 651 -517 4 24 DATA
L 736 -528 672 -528 0 1 false 5 0
L 720 -496 672 -496 0 0 false 5 0
x 591 -493 651 -490 4 24 DATA
w 736 -320 1328 -320 0
w 1328 -352 1328 -320 0
L 736 -320 688 -320 0 1 false 5 0
L 736 -352 688 -352 0 1 false 5 0
x 892 -521 928 -518 4 24 OR
w 1296 -352 736 -352 0
M 1360 -512 1408 -512 0 2.5
x 585 -342 643 -312 4 24 Gate\s\\nType
x 655 -341 671 -338 4 24 A
x 657 -315 673 -312 4 24 B
I 752 -496 800 -496 0 0.5 5
I 752 -528 800 -528 0 0.5 5
w 752 -528 736 -528 0
w 720 -496 720 -432 0
w 736 -528 736 -464 0
w 752 -496 720 -496 0
151 800 -512 896 -512 0 2 5 5
151 800 -448 896 -448 0 2 5 5
w 736 -464 800 -464 0
w 720 -432 800 -432 0
w 992 -448 1232 -448 0
x 891 -456 959 -453 4 24 NAND
184 1232 -512 1248 -512 0 2
w 896 -512 1088 -512 0
w 1088 -512 1088 -480 0
w 1168 -480 1232 -480 0
w 1088 -512 1232 -512 0
I 1104 -480 1168 -480 0 0.5 5
x 1158 -488 1211 -485 4 24 NOR
w 992 -448 992 -416 0
w 1232 -416 1072 -416 0
I 992 -416 1072 -416 0 0.5 5
x 1046 -427 1096 -424 4 24 AND
w 1088 -480 1104 -480 0
w 896 -448 992 -448 0
