$ 1 0.000005 10.20027730826997 50 5 50 5e-11
x -1969 -1793 -1714 -1790 4 62 ALU\s8\sbit
L -3152 -1072 -3232 -1072 0 1 false 5 0
L -3152 -1056 -3232 -1056 0 0 false 5 0
L -3152 -1040 -3232 -1040 0 1 false 5 0
L -3152 -1152 -3232 -1152 0 0 false 5 0
L -3152 -1136 -3232 -1136 0 0 false 5 0
L -3152 -1120 -3232 -1120 0 0 false 5 0
L -3152 -1104 -3232 -1104 0 0 false 5 0
L -3152 -1088 -3232 -1088 0 0 false 5 0
x -3258 -1150 -3244 -1147 4 12 A7
x -3258 -1038 -3244 -1035 4 12 A0
x -3258 -1054 -3244 -1051 4 12 A1
x -3258 -1070 -3244 -1067 4 12 A2
x -3258 -1086 -3244 -1083 4 12 A3
x -3258 -1102 -3244 -1099 4 12 A4
x -3258 -1118 -3244 -1115 4 12 A5
x -3258 -1134 -3244 -1131 4 12 A6
b -2983 -1704 -2481 -958 0
w -2560 -1104 -2560 -1440 0
w -2656 -1104 -2560 -1104 0
w -2576 -1456 -2560 -1456 0
w -2576 -1168 -2576 -1456 0
w -2656 -1168 -2576 -1168 0
w -2592 -1472 -2560 -1472 0
w -2592 -1232 -2592 -1472 0
w -2656 -1232 -2592 -1232 0
w -2608 -1488 -2560 -1488 0
w -2608 -1488 -2608 -1296 0
w -2656 -1296 -2608 -1296 0
w -2624 -1504 -2560 -1504 0
w -2624 -1360 -2624 -1504 0
w -2656 -1360 -2624 -1360 0
w -2640 -1520 -2560 -1520 0
w -2640 -1424 -2640 -1520 0
w -2656 -1424 -2640 -1424 0
w -2656 -1536 -2560 -1536 0
w -2656 -1488 -2656 -1536 0
w -2656 -1552 -2560 -1552 0
w -2784 -1232 -2784 -1296 0
w -2784 -1552 -2784 -1488 0
w -2752 -1568 -2800 -1568 0
w -2752 -1552 -2784 -1552 0
w -2752 -1536 -2768 -1536 0
w -2800 -1440 -2800 -1504 0
w -2752 -1504 -2800 -1504 0
w -2752 -1488 -2784 -1488 0
w -2752 -1472 -2896 -1472 0
w -2752 -1440 -2800 -1440 0
w -2752 -1424 -2912 -1424 0
w -2768 -1408 -2768 -1520 0
w -2752 -1408 -2768 -1408 0
w -2896 -1280 -2896 -1344 0
w -2752 -1344 -2896 -1344 0
w -2752 -1360 -2912 -1360 0
w -2800 -1376 -2800 -1440 0
w -2752 -1376 -2800 -1376 0
w -2752 -1312 -2928 -1312 0
w -2784 -1296 -2784 -1488 0
w -2752 -1296 -2784 -1296 0
w -2768 -1280 -2768 -1408 0
w -2752 -1280 -2768 -1280 0
w -2928 -1248 -2928 -1312 0
w -2752 -1248 -2928 -1248 0
w -2784 -1056 -2784 -1232 0
w -2752 -1232 -2784 -1232 0
w -2896 -1216 -2896 -1280 0
w -2752 -1216 -2896 -1216 0
w -2912 -1168 -2912 -1360 0
w -2928 -1184 -2928 -1248 0
w -2928 -1120 -2928 -1184 0
w -2752 -1184 -2928 -1184 0
w -2896 -1088 -2896 -1216 0
w -2912 -1104 -2912 -1168 0
w -2752 -1168 -2912 -1168 0
w -2768 -1280 -2768 -1152 0
w -2752 -1152 -2768 -1152 0
w -2752 -1120 -2928 -1120 0
w -2752 -1104 -2912 -1104 0
w -2752 -1088 -2896 -1088 0
w -2816 -1072 -2800 -1072 0
w -2912 -1056 -2864 -1056 0
w -2768 -1520 -2768 -1536 0
x -2954 -1595 -2512 -1592 4 48 3\sbit\sdecoder\s(3\sto\s8)
w -2768 -1040 -2768 -1152 0
w -2800 -1504 -2800 -1568 0
w -2800 -1072 -2800 -1376 0
w -2896 -1344 -2896 -1472 0
w -2896 -1040 -2896 -1088 0
w -2912 -1360 -2912 -1424 0
w -2912 -1056 -2912 -1104 0
w -2928 -1072 -2928 -1120 0
x -2911 -1025 -2899 -1022 4 18 C
x -2923 -1043 -2911 -1040 4 18 B
x -2940 -1059 -2928 -1056 4 18 A
w -2800 -1056 -2784 -1056 0
w -2832 -1040 -2896 -1040 0
w -2928 -1072 -2880 -1072 0
150 -2752 -1104 -2656 -1104 0 3 0 5
150 -2752 -1168 -2656 -1168 0 3 0 5
150 -2752 -1232 -2656 -1232 0 3 5 5
150 -2752 -1296 -2656 -1296 0 3 0 5
150 -2752 -1360 -2656 -1360 0 3 0 5
150 -2752 -1424 -2656 -1424 0 3 0 5
150 -2752 -1552 -2656 -1552 0 3 0 5
150 -2752 -1488 -2656 -1488 0 3 0 5
I -2880 -1072 -2816 -1072 0 0.5 5
I -2832 -1040 -2768 -1040 0 0.5 5
I -2864 -1056 -2800 -1056 0 0.5 5
x -2574 -1474 -2554 -1471 4 16 D5
x -2573 -1490 -2553 -1487 4 16 D4
x -2575 -1457 -2555 -1454 4 16 D6
x -2574 -1441 -2554 -1438 4 16 D7
x -2573 -1504 -2553 -1501 4 16 D3
x -2572 -1523 -2552 -1520 4 16 D2
x -2573 -1555 -2553 -1552 4 16 D0
x -2573 -1539 -2553 -1536 4 16 D1
w -2928 -1072 -3152 -1072 0
w -2912 -1056 -3152 -1056 0
w -2896 -1040 -3152 -1040 0
x -3365 -1248 -3110 -1245 4 50 Instructions
w -2560 -1440 -2464 -1440 0
w -2560 -1456 -2464 -1456 0
w -2560 -1472 -2464 -1472 0
w -2560 -1488 -2464 -1488 0
w -2560 -1504 -2464 -1504 0
w -2560 -1520 -2464 -1520 0
w -2560 -1536 -2464 -1536 0
w -2560 -1552 -2464 -1552 0
x -2471 -1559 -2450 -1556 4 14 OR
x -2470 -1541 -2431 -1538 4 14 NAND
x -2470 -1525 -2439 -1522 4 14 NOR
x -2470 -1507 -2441 -1504 4 14 AND
x -2470 -1493 -2441 -1490 4 14 ADD
x -2470 -1477 -2442 -1474 4 14 SUB
w -2464 -1552 -2432 -1552 0
w -2464 -1536 -2432 -1536 0
w -2464 -1520 -2432 -1520 0
w -2464 -1504 -2432 -1504 0
w -2464 -1488 -2432 -1488 0
w -2464 -1472 -2432 -1472 0
x -3387 -24 -3235 -21 4 50 Input\s1
x -3264 51 -3250 54 4 12 A6
x -3264 67 -3250 70 4 12 A5
x -3264 83 -3250 86 4 12 A4
x -3264 99 -3250 102 4 12 A3
x -3264 115 -3250 118 4 12 A2
x -3264 131 -3250 134 4 12 A1
x -3264 147 -3250 150 4 12 A0
x -3264 35 -3250 38 4 12 A7
L -3200 144 -3232 144 0 0 false 5 0
L -3200 128 -3232 128 0 0 false 5 0
L -3200 112 -3232 112 0 1 false 5 0
L -3200 96 -3232 96 0 0 false 5 0
L -3200 80 -3232 80 0 0 false 5 0
L -3200 64 -3232 64 0 0 false 5 0
L -3200 48 -3232 48 0 0 false 5 0
L -3200 32 -3232 32 0 0 false 5 0
x -3381 449 -3229 452 4 50 Input\s2
x -3260 532 -3246 535 4 12 B6
x -3260 548 -3246 551 4 12 B5
x -3260 564 -3246 567 4 12 B4
x -3260 580 -3246 583 4 12 B3
x -3260 596 -3246 599 4 12 B2
x -3260 612 -3246 615 4 12 B1
x -3260 628 -3246 631 4 12 B0
x -3260 516 -3246 519 4 12 B7
L -3200 624 -3232 624 0 1 false 5 0
L -3200 608 -3232 608 0 1 false 5 0
L -3200 592 -3232 592 0 0 false 5 0
L -3200 576 -3232 576 0 0 false 5 0
L -3200 560 -3232 560 0 0 false 5 0
L -3200 544 -3232 544 0 0 false 5 0
L -3200 528 -3232 528 0 0 false 5 0
L -3200 512 -3232 512 0 0 false 5 0
x -2892 28 -2878 31 4 12 A7
x -2892 188 -2878 191 4 12 B7
L -2816 672 -2864 672 0 0 false 5 0
x -2885 657 -2844 660 4 12 CARRY
196 -2816 608 -2752 608 2 1
x -2892 140 -2878 143 4 12 A0
x -2892 124 -2878 127 4 12 A1
x -2892 108 -2878 111 4 12 A2
x -2892 92 -2878 95 4 12 A3
x -2892 76 -2878 79 4 12 A4
x -2892 60 -2878 63 4 12 A5
x -2892 44 -2878 47 4 12 A6
x -2892 303 -2878 306 4 12 B0
x -2892 287 -2878 290 4 12 B1
x -2892 271 -2878 274 4 12 B2
x -2892 255 -2878 258 4 12 B3
x -2892 239 -2878 242 4 12 B4
x -2892 223 -2878 226 4 12 B5
x -2892 207 -2878 210 4 12 B6
196 -2720 544 -2656 544 2 1
w -2912 128 -2800 128 0
196 -2624 480 -2560 480 2 1
196 -2528 416 -2464 416 2 1
196 -2432 352 -2368 352 2 1
196 -2336 288 -2272 288 2 1
196 -2240 224 -2176 224 2 1
196 -2144 160 -2080 160 2 1
w -2048 224 -1904 224 0
w -2144 288 -2048 288 0
w -2240 352 -2032 352 0
w -2336 416 -2016 416 0
w -2432 480 -2000 480 0
w -2528 544 -1984 544 0
w -2624 608 -1968 608 0
w -2720 672 -1952 672 0
w -2144 192 -2912 192 0
w -2912 32 -2144 32 0
w -2144 32 -2144 160 0
w -2912 208 -2256 208 0
w -2256 208 -2256 256 0
w -2256 256 -2240 256 0
w -2912 48 -2240 48 0
w -2240 48 -2240 224 0
w -2336 288 -2336 64 0
w -2336 64 -2912 64 0
w -2352 224 -2352 320 0
w -2336 320 -2352 320 0
w -2352 224 -2912 224 0
w -2432 352 -2432 80 0
w -2432 80 -2912 80 0
w -2448 240 -2448 384 0
w -2432 384 -2448 384 0
w -2448 240 -2912 240 0
w -2528 416 -2528 96 0
w -2528 96 -2912 96 0
w -2544 256 -2544 448 0
w -2544 448 -2528 448 0
w -2544 256 -2912 256 0
w -2624 480 -2624 112 0
w -2624 112 -2912 112 0
w -2640 272 -2640 512 0
w -2640 512 -2624 512 0
w -2640 272 -2912 272 0
w -2720 544 -2720 128 0
w -2720 128 -2800 128 0
w -2736 288 -2736 576 0
w -2736 576 -2720 576 0
w -2736 288 -2912 288 0
w -2816 608 -2816 144 0
w -2912 304 -2832 304 0
w -2832 304 -2832 640 0
w -2832 640 -2816 640 0
M -2048 160 -2016 160 0 2.5
x -2036 144 -1995 147 4 12 CARRY
x -2498 14 -2310 17 4 28 Full\sAdder\s8\sbit
b -2902 -14 -1917 701 0
w -2048 288 -2048 240 0
w -2048 240 -1904 240 0
w -2032 352 -2032 256 0
w -2032 256 -1904 256 0
w -2016 416 -2016 272 0
w -2016 272 -1904 272 0
w -2000 480 -2000 288 0
w -2000 288 -1904 288 0
w -1984 544 -1984 304 0
w -1984 304 -1904 304 0
w -1968 608 -1968 320 0
w -1968 320 -1904 320 0
w -1952 672 -1952 336 0
w -1952 336 -1904 336 0
w -3168 32 -2912 32 0
w -3152 48 -2912 48 0
w -3136 64 -2912 64 0
w -3120 80 -2912 80 0
w -3104 96 -2912 96 0
w -3088 112 -2912 112 0
w -2816 144 -2912 144 0
w -2912 128 -3072 128 0
w -3200 512 -3024 512 0
w -3024 512 -3024 192 0
w -2912 192 -3024 192 0
w -3200 624 -2912 624 0
w -2912 624 -2912 304 0
w -3200 608 -2928 608 0
w -2928 608 -2928 288 0
w -2912 288 -2928 288 0
w -3200 592 -2944 592 0
w -2944 592 -2944 272 0
w -2944 272 -2912 272 0
w -3200 576 -2960 576 0
w -2960 576 -2960 256 0
w -2960 256 -2912 256 0
w -3200 560 -2976 560 0
w -2976 560 -2976 240 0
w -2976 240 -2912 240 0
w -3200 544 -2992 544 0
w -2992 544 -2992 224 0
w -2992 224 -2912 224 0
w -3200 528 -3008 528 0
w -3008 528 -3008 208 0
w -3008 208 -2912 208 0
w -2912 304 -2912 -32 0
w -2928 288 -2928 -32 0
w -2944 272 -2944 -32 0
w -2960 256 -2960 -32 0
w -2976 240 -2976 -32 0
w -2992 224 -2992 -32 0
w -3008 208 -3008 -32 0
w -3024 192 -3024 -32 0
w -3056 144 -3056 -688 0
w -3056 144 -3200 144 0
w -3072 128 -3072 -704 0
w -3072 128 -3200 128 0
w -3088 112 -3088 -720 0
w -3200 112 -3088 112 0
w -3104 96 -3104 -736 0
w -3120 80 -3120 -752 0
w -3136 64 -3136 -768 0
w -3152 48 -3152 -784 0
w -3168 32 -3168 -800 0
w -3056 144 -2912 144 0
w -1712 -688 -1808 -688 0
w -848 -496 -800 -496 0
w -848 -160 -848 -496 0
w -864 -512 -800 -512 0
w -864 -224 -864 -512 0
w -880 -528 -800 -528 0
w -880 -288 -880 -528 0
w -896 -544 -800 -544 0
w -896 -352 -896 -544 0
w -912 -560 -800 -560 0
w -912 -416 -912 -560 0
w -928 -576 -800 -576 0
w -928 -480 -928 -576 0
w -944 -592 -800 -592 0
w -944 -544 -944 -592 0
b -1795 -843 -810 -128 0
x -1394 -818 -1206 -815 4 28 Full\sAdder\s8\sbit
x -932 -688 -891 -685 4 12 CARRY
M -944 -672 -912 -672 0 2.5
w -1728 -192 -1712 -192 0
w -1728 -528 -1728 -192 0
w -1808 -528 -1728 -528 0
w -1712 -224 -1712 -688 0
w -1632 -544 -1808 -544 0
w -1632 -256 -1616 -256 0
w -1632 -544 -1632 -256 0
w -1616 -704 -1696 -704 0
w -1616 -288 -1616 -704 0
w -1536 -560 -1808 -560 0
w -1536 -320 -1520 -320 0
w -1536 -560 -1536 -320 0
w -1520 -720 -1808 -720 0
w -1520 -352 -1520 -720 0
w -1440 -576 -1808 -576 0
w -1440 -384 -1424 -384 0
w -1440 -576 -1440 -384 0
w -1424 -736 -1808 -736 0
w -1424 -416 -1424 -736 0
w -1344 -592 -1760 -592 0
w -1328 -448 -1344 -448 0
w -1344 -592 -1344 -448 0
w -1328 -752 -1808 -752 0
w -1328 -480 -1328 -752 0
w -1248 -608 -1808 -608 0
w -1232 -512 -1248 -512 0
w -1248 -608 -1248 -512 0
w -1232 -768 -1808 -768 0
w -1232 -544 -1232 -768 0
w -1136 -784 -1136 -608 0
w -1808 -784 -1136 -784 0
w -1152 -576 -1136 -576 0
w -1152 -624 -1152 -576 0
w -1808 -624 -1152 -624 0
w -1040 -800 -1040 -672 0
w -1808 -800 -1040 -800 0
w -1040 -640 -1808 -640 0
w -1616 -160 -848 -160 0
w -1520 -224 -864 -224 0
w -1424 -288 -880 -288 0
w -1328 -352 -896 -352 0
w -1232 -416 -912 -416 0
w -1136 -480 -928 -480 0
w -1040 -544 -944 -544 0
w -944 -608 -800 -608 0
196 -1040 -672 -976 -672 2 1
196 -1136 -608 -1072 -608 2 1
196 -1232 -544 -1168 -544 2 1
196 -1328 -480 -1264 -480 2 1
196 -1424 -416 -1360 -416 2 1
196 -1520 -352 -1456 -352 2 1
w -1808 -704 -1696 -704 0
196 -1616 -288 -1552 -288 2 1
x -1788 -625 -1774 -622 4 12 B6
x -1788 -609 -1774 -606 4 12 B5
x -1788 -593 -1774 -590 4 12 B4
x -1788 -577 -1774 -574 4 12 B3
x -1788 -561 -1774 -558 4 12 B2
x -1788 -545 -1774 -542 4 12 B1
x -1788 -529 -1774 -526 4 12 B0
x -1788 -788 -1774 -785 4 12 A6
x -1788 -772 -1774 -769 4 12 A5
x -1788 -756 -1774 -753 4 12 A4
x -1788 -740 -1774 -737 4 12 A3
x -1788 -724 -1774 -721 4 12 A2
x -1788 -708 -1774 -705 4 12 A1
x -1788 -692 -1774 -689 4 12 A0
196 -1712 -224 -1648 -224 2 1
x -1781 -175 -1740 -172 4 12 CARRY
L -1712 -160 -1760 -160 0 0 false 5 0
x -1788 -644 -1774 -641 4 12 B7
x -1788 -804 -1774 -801 4 12 A7
w -2912 -32 -2912 -480 0
w -2928 -32 -2928 -496 0
w -2944 -32 -2944 -512 0
w -2960 -32 -2960 -528 0
w -2976 -32 -2976 -544 0
w -2992 -32 -2992 -560 0
w -3008 -32 -3008 -576 0
w -3024 -32 -3024 -592 0
w -2432 -1472 -784 -1472 0
w -2432 -1488 -1840 -1488 0
w -1840 -1488 -1840 96 0
L -2816 -80 -2864 -80 0 1 false 5 0
x -2885 -95 -2844 -92 4 12 CARRY
196 -2816 -144 -2752 -144 2 1
196 -2720 -208 -2656 -208 2 1
w -2912 -496 -2768 -496 0
196 -2624 -272 -2560 -272 2 1
196 -2528 -336 -2464 -336 2 1
196 -2432 -400 -2368 -400 2 1
196 -2336 -464 -2272 -464 2 1
196 -2240 -528 -2176 -528 2 1
196 -2144 -592 -2080 -592 2 1
w -2048 -528 -2032 -528 0
w -2144 -464 -2016 -464 0
w -2240 -400 -2000 -400 0
w -2336 -336 -1984 -336 0
w -2432 -272 -1968 -272 0
w -2528 -208 -1952 -208 0
w -2624 -144 -1936 -144 0
w -2720 -80 -1920 -80 0
w -2912 -592 -2192 -592 0
w -2912 -576 -2288 -576 0
w -2336 -464 -2336 -560 0
w -2384 -560 -2912 -560 0
w -2432 -400 -2432 -544 0
w -2480 -544 -2912 -544 0
w -2528 -336 -2528 -528 0
w -2576 -528 -2912 -528 0
w -2624 -272 -2624 -512 0
w -2672 -512 -2912 -512 0
w -2720 -208 -2720 -496 0
w -2816 -144 -2816 -480 0
x -2532 -626 -2190 -623 4 28 Signed\sNegator\s(NEG)\s8\sbit
b -2902 -654 -1917 -51 0
w -1920 -80 -1920 -416 0
w -2848 -480 -2912 -480 0
w -2240 -528 -2240 -576 0
w -2928 -496 -2912 -496 0
w -2944 -512 -2912 -512 0
w -2960 -528 -2912 -528 0
w -2976 -544 -2912 -544 0
w -2992 -560 -2912 -560 0
w -3008 -576 -2912 -576 0
w -3024 -592 -2912 -592 0
w -1808 -640 -2032 -640 0
w -2032 -528 -2032 -640 0
w -2016 -464 -2016 -624 0
w -2016 -624 -1808 -624 0
w -2000 -400 -2000 -608 0
w -2000 -608 -1808 -608 0
w -1984 -336 -1984 -592 0
w -1984 -592 -1808 -592 0
w -1968 -272 -1968 -576 0
w -1968 -576 -1808 -576 0
w -1952 -208 -1952 -560 0
w -1952 -560 -1808 -560 0
w -1936 -144 -1936 -544 0
w -1936 -544 -1808 -544 0
w -1920 -416 -1920 -528 0
w -1920 -528 -1808 -528 0
w -1808 -688 -3056 -688 0
w -1808 -704 -3072 -704 0
w -3088 -720 -1808 -720 0
w -3104 -736 -1808 -736 0
w -3120 -752 -1808 -752 0
w -3136 -768 -1808 -768 0
w -3152 -784 -1808 -784 0
w -3168 -800 -1808 -800 0
w -1760 -592 -1808 -592 0
x -2894 -600 -2880 -597 4 12 B7
x -2894 -485 -2880 -482 4 12 B0
x -2894 -501 -2880 -498 4 12 B1
x -2894 -517 -2880 -514 4 12 B2
x -2894 -533 -2880 -530 4 12 B3
x -2894 -549 -2880 -546 4 12 B4
x -2894 -565 -2880 -562 4 12 B5
x -2894 -581 -2880 -578 4 12 B6
w -2480 992 -2432 992 0
w -2480 1328 -2480 992 0
w -2496 976 -2432 976 0
w -2496 1264 -2496 976 0
w -2512 960 -2432 960 0
w -2512 1200 -2512 960 0
w -2528 944 -2432 944 0
w -2528 1136 -2528 944 0
w -2544 928 -2432 928 0
w -2544 1072 -2544 928 0
w -2560 912 -2432 912 0
w -2560 1008 -2560 912 0
w -2576 896 -2432 896 0
w -2576 944 -2576 896 0
w -2592 880 -2432 880 0
w -2576 1280 -2576 1424 0
w -2560 1344 -2560 1440 0
w -2560 1312 -2784 1312 0
w -2784 976 -2784 1312 0
w -2576 1248 -2768 1248 0
w -2768 960 -2768 1248 0
w -2848 960 -2768 960 0
w -2752 1184 -2592 1184 0
w -2752 944 -2752 1184 0
w -2848 944 -2752 944 0
w -2736 1120 -2608 1120 0
w -2736 928 -2736 1120 0
w -2848 928 -2736 928 0
w -2720 1056 -2624 1056 0
w -2720 912 -2720 1056 0
w -2848 912 -2720 912 0
w -2704 992 -2640 992 0
w -2704 896 -2704 992 0
w -2848 896 -2704 896 0
w -2688 928 -2656 928 0
w -2688 880 -2688 928 0
w -2848 880 -2688 880 0
w -2848 864 -2672 864 0
w -2672 1328 -2848 1328 0
w -2656 1344 -2848 1344 0
w -2656 1056 -2656 1344 0
w -2848 1360 -2640 1360 0
w -2640 1072 -2640 1360 0
w -2848 1376 -2624 1376 0
w -2624 1136 -2624 1376 0
w -2848 1392 -2608 1392 0
w -2848 1408 -2592 1408 0
w -2848 1424 -2576 1424 0
w -2848 1440 -2560 1440 0
w -2592 1216 -2592 1408 0
w -2608 1152 -2608 1392 0
w -2624 1088 -2624 1136 0
w -2640 1024 -2640 1072 0
w -2656 960 -2656 1056 0
w -2672 896 -2672 1328 0
151 -2576 1264 -2496 1264 0 2 5 5
151 -2672 880 -2592 880 0 2 0 5
151 -2656 944 -2576 944 0 2 0 5
151 -2640 1008 -2560 1008 0 2 0 5
151 -2624 1072 -2544 1072 0 2 0 5
151 -2560 1328 -2480 1328 0 2 5 5
151 -2592 1200 -2512 1200 0 2 5 5
151 -2608 1136 -2528 1136 0 2 0 5
b -2843 801 -2443 1454 0
x -2717 831 -2577 834 4 28 NAND\s8\sbit
w -2784 976 -2848 976 0
w -2912 624 -2912 976 0
w -3024 512 -3024 864 0
w -3008 528 -3008 880 0
w -2992 544 -2992 896 0
w -2976 560 -2976 912 0
w -2960 576 -2960 928 0
w -2944 592 -2944 944 0
w -2928 608 -2928 960 0
w -3168 32 -3168 1328 0
w -3152 48 -3152 1344 0
w -3136 64 -3136 1360 0
w -3120 80 -3120 1376 0
w -3104 96 -3104 1392 0
w -3088 112 -3088 1408 0
w -3072 128 -3072 1424 0
w -3056 144 -3056 1440 0
w -3168 32 -3200 32 0
w -3200 48 -3152 48 0
w -3200 64 -3136 64 0
w -3200 80 -3120 80 0
w -3200 96 -3104 96 0
I -2896 864 -2848 864 0 0.5 5
I -2896 880 -2848 880 0 0.5 5
I -2896 896 -2848 896 0 0.5 5
I -2896 912 -2848 912 0 0.5 5
I -2896 928 -2848 928 0 0.5 5
I -2896 944 -2848 944 0 0.5 5
I -2896 960 -2848 960 0 0.5 5
I -2896 976 -2848 976 0 0.5 5
I -2896 1328 -2848 1328 0 0.5 5
I -2896 1344 -2848 1344 0 0.5 5
I -2896 1360 -2848 1360 0 0.5 5
I -2896 1376 -2848 1376 0 0.5 5
I -2896 1392 -2848 1392 0 0.5 5
I -2896 1408 -2848 1408 0 0.5 5
I -2896 1424 -2848 1424 0 0.5 5
I -2896 1440 -2848 1440 0 0.5 5
w -2912 976 -2896 976 0
w -2896 864 -3024 864 0
w -3008 880 -2896 880 0
w -2992 896 -2896 896 0
w -2976 912 -2896 912 0
w -2960 928 -2896 928 0
w -2944 944 -2896 944 0
w -2928 960 -2896 960 0
w -2896 1440 -3056 1440 0
w -3072 1424 -2896 1424 0
w -3088 1408 -2896 1408 0
w -3104 1392 -2896 1392 0
w -3120 1376 -2896 1376 0
w -3136 1360 -2896 1360 0
w -3152 1344 -2896 1344 0
w -3168 1328 -2896 1328 0
w -2432 880 -2320 880 0
I -2192 992 -2144 992 0 0.5 5
I -2192 976 -2144 976 0 0.5 5
I -2192 960 -2144 960 0 0.5 5
I -2192 944 -2144 944 0 0.5 5
I -2192 928 -2144 928 0 0.5 5
I -2192 912 -2144 912 0 0.5 5
I -2192 896 -2144 896 0 0.5 5
I -2192 880 -2144 880 0 0.5 5
w -2416 896 -2336 896 0
w -2432 912 -2400 912 0
w -2432 928 -2384 928 0
w -1776 880 -2144 880 0
w -2432 992 -2192 992 0
w -2416 976 -2192 976 0
w -2400 960 -2192 960 0
w -2384 944 -2192 944 0
w -2368 928 -2192 928 0
w -2352 912 -2192 912 0
w -2336 896 -2192 896 0
w -2320 880 -2192 880 0
w -1792 1232 -2320 1232 0
w -2336 1248 -1792 1248 0
w -2352 1264 -1792 1264 0
w -2368 1280 -1792 1280 0
w -2384 1296 -1792 1296 0
w -2400 1312 -1792 1312 0
w -2416 1328 -1792 1328 0
w -2432 1344 -1792 1344 0
w -2144 896 -1776 896 0
w -2144 912 -1776 912 0
w -2144 928 -1776 928 0
w -2144 944 -1776 944 0
w -2144 960 -1776 960 0
w -2144 976 -1776 976 0
w -2144 992 -1776 992 0
w -736 -736 -784 -736 0
w -784 -736 -784 -1472 0
w -2432 -1520 -1856 -1520 0
w -1856 -1520 -1856 752 0
w -2432 -1552 -1872 -1552 0
w -1872 -1552 -1872 1104 0
w -2784 1664 -2848 1664 0
x -2721 1526 -2581 1529 4 28 NAND\s8\sbit
b -2843 1489 -2443 2142 0
151 -2608 1824 -2528 1824 0 2 5 5
151 -2592 1888 -2512 1888 0 2 5 5
151 -2560 2016 -2480 2016 0 2 5 5
151 -2624 1760 -2544 1760 0 2 5 5
151 -2640 1696 -2560 1696 0 2 5 5
151 -2656 1632 -2576 1632 0 2 5 5
151 -2672 1568 -2592 1568 0 2 5 5
151 -2576 1952 -2496 1952 0 2 5 5
w -2672 1584 -2672 2016 0
w -2656 1648 -2656 1744 0
w -2640 1712 -2640 1760 0
w -2624 1776 -2624 1824 0
w -2608 1840 -2608 2080 0
w -2592 1904 -2592 2096 0
w -2848 2128 -2560 2128 0
w -2848 2112 -2576 2112 0
w -2848 2096 -2592 2096 0
w -2848 2080 -2608 2080 0
w -2624 1824 -2624 2064 0
w -2848 2064 -2624 2064 0
w -2640 1760 -2640 2048 0
w -2848 2048 -2640 2048 0
w -2656 1744 -2656 2032 0
w -2656 2032 -2848 2032 0
w -2672 2016 -2848 2016 0
w -2848 1552 -2672 1552 0
w -2848 1568 -2688 1568 0
w -2688 1568 -2688 1616 0
w -2688 1616 -2656 1616 0
w -2848 1584 -2704 1584 0
w -2704 1584 -2704 1680 0
w -2704 1680 -2640 1680 0
w -2848 1600 -2720 1600 0
w -2720 1600 -2720 1744 0
w -2720 1744 -2624 1744 0
w -2848 1616 -2736 1616 0
w -2736 1616 -2736 1808 0
w -2736 1808 -2608 1808 0
w -2848 1632 -2752 1632 0
w -2752 1632 -2752 1872 0
w -2752 1872 -2592 1872 0
w -2848 1648 -2768 1648 0
w -2768 1648 -2768 1936 0
w -2576 1936 -2768 1936 0
w -2784 1664 -2784 2000 0
w -2560 2000 -2784 2000 0
w -2560 2032 -2560 2128 0
w -2576 1968 -2576 2112 0
w -2592 1568 -2432 1568 0
w -2576 1632 -2576 1584 0
w -2576 1584 -2432 1584 0
w -2560 1696 -2560 1600 0
w -2560 1600 -2432 1600 0
w -2544 1760 -2544 1616 0
w -2544 1616 -2432 1616 0
w -2528 1824 -2528 1632 0
w -2528 1632 -2432 1632 0
w -2512 1888 -2512 1648 0
w -2512 1648 -2432 1648 0
w -2496 1952 -2496 1664 0
w -2496 1664 -2432 1664 0
w -2480 2016 -2480 1680 0
w -2480 1680 -2432 1680 0
w -3056 1440 -3056 2128 0
w -2848 2128 -3056 2128 0
w -2848 2112 -3072 2112 0
w -3072 2112 -3072 1424 0
w -3088 1408 -3088 2096 0
w -3088 2096 -2848 2096 0
w -2848 2080 -3104 2080 0
w -3104 2080 -3104 1392 0
w -2848 2064 -3120 2064 0
w -3120 2064 -3120 1376 0
w -3136 1360 -3136 2048 0
w -3136 2048 -2848 2048 0
w -2848 2032 -3152 2032 0
w -3152 2032 -3152 1344 0
w -3168 1328 -3168 2016 0
w -3168 2016 -2848 2016 0
w -3008 880 -3008 1568 0
w -2992 896 -2992 1584 0
w -2976 912 -2976 1600 0
w -2960 928 -2960 1616 0
w -2944 944 -2944 1632 0
w -2928 960 -2928 1648 0
w -3024 864 -3024 1552 0
w -3024 1552 -2848 1552 0
w -3008 1568 -2848 1568 0
w -2992 1584 -2848 1584 0
w -2976 1600 -2848 1600 0
w -2960 1616 -2848 1616 0
w -2944 1632 -2848 1632 0
w -2928 1648 -2848 1648 0
w -2912 976 -2912 1664 0
w -2912 1664 -2848 1664 0
w -1664 1856 -1664 1888 0
w -1664 1920 -1664 1888 0
w -1664 1952 -1664 1920 0
w -1664 1984 -1664 1952 0
w -1664 2016 -1664 1984 0
w -1664 2048 -1664 2016 0
w -1664 2080 -1664 2048 0
w -1664 2112 -1664 2080 0
w -1632 2112 -1664 2112 0
w -1664 1888 -1520 1888 0
w -1664 1920 -1536 1920 0
w -1664 1952 -1552 1952 0
w -1664 1984 -1568 1984 0
w -1664 2016 -1584 2016 0
w -1664 2048 -1600 2048 0
w -1776 2080 -1680 2080 0
w -1680 2064 -1680 2080 0
w -1648 2064 -1680 2064 0
w -1696 2032 -1696 2064 0
w -1776 2064 -1696 2064 0
w -1632 2032 -1696 2032 0
w -1712 2000 -1712 2048 0
w -1616 2000 -1712 2000 0
w -1776 2048 -1712 2048 0
w -1776 2096 -1664 2096 0
w -1728 1968 -1728 2032 0
w -1600 1968 -1728 1968 0
w -1776 2032 -1728 2032 0
w -1776 2016 -1744 2016 0
w -1744 1936 -1744 2016 0
w -1584 1936 -1744 1936 0
w -1568 1904 -1760 1904 0
w -1760 2000 -1760 1904 0
w -1776 2000 -1760 2000 0
w -1776 1872 -1776 1984 0
w -1552 1872 -1776 1872 0
w -1488 1984 -1408 1984 0
w -1488 1872 -1488 1984 0
180 -1552 1872 -1488 1872 4 0.1 10000000000 100000000 5
w -1504 2000 -1408 2000 0
w -1504 1904 -1504 2000 0
w -1520 2016 -1408 2016 0
w -1520 1936 -1520 2016 0
w -1536 2032 -1408 2032 0
w -1536 1968 -1536 2032 0
w -1552 2048 -1408 2048 0
w -1552 2000 -1552 2048 0
w -1568 2064 -1408 2064 0
w -1568 2032 -1568 2064 0
w -1584 2080 -1408 2080 0
w -1584 2064 -1584 2080 0
w -1600 2096 -1408 2096 0
w -1664 2080 -1616 2080 0
180 -1600 1968 -1536 1968 4 0.1 10000000000 100000000 5
w -1408 1984 -1376 1984 0
w -1408 2000 -1376 2000 0
w -1408 2016 -1376 2016 0
w -1408 2032 -1376 2032 0
w -1408 2048 -1376 2048 0
w -1408 2064 -1376 2064 0
w -1408 2080 -1376 2080 0
w -1408 2096 -1376 2096 0
x -1648 1823 -1535 1826 4 16 (Tri-state\sbuffer)
w -1792 1984 -1776 1984 0
w -1792 2000 -1776 2000 0
w -1792 2016 -1776 2016 0
w -1792 2032 -1776 2032 0
w -1792 2048 -1776 2048 0
w -1792 2064 -1776 2064 0
w -1792 2080 -1776 2080 0
w -1792 2096 -1776 2096 0
w -1792 1856 -1664 1856 0
b -1790 1770 -1376 2121 0
x -1694 1804 -1460 1807 4 28 Switch\s8\sbit\s(SWC)
x -1524 1858 -1509 1861 4 10 Buf
180 -1568 1904 -1504 1904 4 0.1 10000000000 100000000 5
180 -1584 1936 -1520 1936 4 0.1 10000000000 100000000 5
180 -1616 2000 -1552 2000 4 0.1 10000000000 100000000 5
180 -1632 2032 -1568 2032 4 0.1 10000000000 100000000 5
180 -1648 2064 -1584 2064 4 0.1 10000000000 100000000 5
x -1786 1849 -1747 1852 4 18 Gate
180 -1664 2096 -1600 2096 4 0.1 10000000000 100000000 5
w -608 -736 -608 -704 0
w -608 -672 -608 -704 0
w -608 -640 -608 -672 0
w -608 -608 -608 -640 0
w -608 -576 -608 -608 0
w -608 -544 -608 -576 0
w -608 -512 -608 -544 0
w -608 -480 -608 -512 0
w -576 -480 -608 -480 0
w -608 -704 -464 -704 0
w -608 -672 -480 -672 0
w -608 -640 -496 -640 0
w -608 -608 -512 -608 0
w -608 -576 -528 -576 0
w -608 -544 -544 -544 0
w -720 -512 -624 -512 0
w -624 -528 -624 -512 0
w -592 -528 -624 -528 0
w -640 -560 -640 -528 0
w -720 -528 -640 -528 0
w -576 -560 -640 -560 0
w -656 -592 -656 -544 0
w -560 -592 -656 -592 0
w -720 -544 -656 -544 0
w -720 -496 -608 -496 0
w -672 -624 -672 -560 0
w -544 -624 -672 -624 0
w -720 -560 -672 -560 0
w -720 -576 -688 -576 0
w -688 -656 -688 -576 0
w -528 -656 -688 -656 0
w -512 -688 -704 -688 0
w -704 -592 -704 -688 0
w -720 -592 -704 -592 0
w -720 -720 -720 -608 0
w -496 -720 -720 -720 0
w -432 -608 -352 -608 0
w -432 -720 -432 -608 0
180 -496 -720 -432 -720 4 0.1 10000000000 100000000 5
w -448 -592 -352 -592 0
w -448 -688 -448 -592 0
w -464 -576 -352 -576 0
w -464 -656 -464 -576 0
w -480 -560 -352 -560 0
w -480 -624 -480 -560 0
w -496 -544 -352 -544 0
w -496 -592 -496 -544 0
w -512 -528 -352 -528 0
w -512 -560 -512 -528 0
w -528 -512 -352 -512 0
w -528 -528 -528 -512 0
w -544 -496 -352 -496 0
w -608 -512 -560 -512 0
180 -544 -624 -480 -624 4 0.1 10000000000 100000000 5
w -352 -608 -320 -608 0
w -352 -592 -320 -592 0
w -352 -576 -320 -576 0
w -352 -560 -320 -560 0
w -352 -544 -320 -544 0
w -352 -528 -320 -528 0
w -352 -512 -320 -512 0
w -352 -496 -320 -496 0
x -597 -746 -484 -743 4 16 (Tri-state\sbuffer)
w -736 -608 -720 -608 0
w -736 -592 -720 -592 0
w -736 -576 -720 -576 0
w -736 -560 -720 -560 0
w -736 -544 -720 -544 0
w -736 -528 -720 -528 0
w -736 -512 -720 -512 0
w -736 -496 -720 -496 0
w -736 -736 -608 -736 0
b -736 -786 -322 -467 0
x -643 -765 -409 -762 4 28 Switch\s8\sbit\s(SWC)
x -468 -734 -453 -731 4 10 Buf
180 -512 -688 -448 -688 4 0.1 10000000000 100000000 5
180 -528 -656 -464 -656 4 0.1 10000000000 100000000 5
180 -560 -592 -496 -592 4 0.1 10000000000 100000000 5
180 -576 -560 -512 -560 4 0.1 10000000000 100000000 5
180 -592 -528 -528 -528 4 0.1 10000000000 100000000 5
x -730 -743 -691 -740 4 18 Gate
180 -608 -496 -544 -496 4 0.1 10000000000 100000000 5
w -1664 96 -1664 128 0
w -1664 160 -1664 128 0
w -1664 192 -1664 160 0
w -1664 224 -1664 192 0
w -1664 256 -1664 224 0
w -1664 288 -1664 256 0
w -1664 320 -1664 288 0
w -1664 352 -1664 320 0
w -1632 352 -1664 352 0
w -1664 128 -1520 128 0
w -1664 160 -1536 160 0
w -1664 192 -1552 192 0
w -1664 224 -1568 224 0
w -1664 256 -1584 256 0
w -1664 288 -1600 288 0
w -1776 320 -1680 320 0
w -1680 304 -1680 320 0
w -1648 304 -1680 304 0
w -1696 272 -1696 304 0
w -1776 304 -1696 304 0
w -1632 272 -1696 272 0
w -1712 240 -1712 288 0
w -1616 240 -1712 240 0
w -1776 288 -1712 288 0
w -1776 336 -1664 336 0
w -1728 208 -1728 272 0
w -1600 208 -1728 208 0
w -1776 272 -1728 272 0
w -1776 256 -1744 256 0
w -1744 176 -1744 256 0
w -1584 176 -1744 176 0
w -1568 144 -1760 144 0
w -1760 240 -1760 144 0
w -1776 240 -1760 240 0
w -1776 112 -1776 224 0
w -1552 112 -1776 112 0
w -1488 224 -1408 224 0
w -1488 112 -1488 224 0
180 -1552 112 -1488 112 4 0.1 10000000000 100000000 5
w -1504 240 -1408 240 0
w -1504 144 -1504 240 0
w -1520 256 -1408 256 0
w -1520 176 -1520 256 0
w -1536 272 -1408 272 0
w -1536 208 -1536 272 0
w -1552 288 -1408 288 0
w -1552 240 -1552 288 0
w -1568 304 -1408 304 0
w -1568 272 -1568 304 0
w -1584 320 -1408 320 0
w -1584 304 -1584 320 0
w -1600 336 -1408 336 0
w -1664 320 -1616 320 0
180 -1600 208 -1536 208 4 0.1 10000000000 100000000 5
w -1408 224 -1376 224 0
w -1408 240 -1376 240 0
w -1408 256 -1376 256 0
w -1408 272 -1376 272 0
w -1408 288 -1376 288 0
w -1408 304 -1376 304 0
w -1408 320 -1376 320 0
w -1408 336 -1376 336 0
x -1652 89 -1539 92 4 16 (Tri-state\sbuffer)
w -1792 224 -1776 224 0
w -1792 240 -1776 240 0
w -1792 256 -1776 256 0
w -1792 272 -1776 272 0
w -1792 288 -1776 288 0
w -1792 304 -1776 304 0
w -1792 320 -1776 320 0
w -1792 336 -1776 336 0
w -1792 96 -1664 96 0
b -1792 46 -1378 365 0
x -1698 70 -1464 73 4 28 Switch\s8\sbit\s(SWC)
x -1524 98 -1509 101 4 10 Buf
180 -1568 144 -1504 144 4 0.1 10000000000 100000000 5
180 -1584 176 -1520 176 4 0.1 10000000000 100000000 5
180 -1616 240 -1552 240 4 0.1 10000000000 100000000 5
180 -1632 272 -1568 272 4 0.1 10000000000 100000000 5
180 -1648 304 -1584 304 4 0.1 10000000000 100000000 5
x -1786 89 -1747 92 4 18 Gate
180 -1664 336 -1600 336 4 0.1 10000000000 100000000 5
w -1648 752 -1648 784 0
w -1648 816 -1648 784 0
w -1648 848 -1648 816 0
w -1648 880 -1648 848 0
w -1648 912 -1648 880 0
w -1648 944 -1648 912 0
w -1648 976 -1648 944 0
w -1648 1008 -1648 976 0
w -1616 1008 -1648 1008 0
w -1648 784 -1504 784 0
w -1648 816 -1520 816 0
w -1648 848 -1536 848 0
w -1648 880 -1552 880 0
w -1648 912 -1568 912 0
w -1648 944 -1584 944 0
w -1760 976 -1664 976 0
w -1664 960 -1664 976 0
w -1632 960 -1664 960 0
w -1680 928 -1680 960 0
w -1760 960 -1680 960 0
w -1616 928 -1680 928 0
w -1696 896 -1696 944 0
w -1600 896 -1696 896 0
w -1760 944 -1696 944 0
w -1760 992 -1648 992 0
w -1712 864 -1712 928 0
w -1584 864 -1712 864 0
w -1760 928 -1712 928 0
w -1760 912 -1728 912 0
w -1728 832 -1728 912 0
w -1568 832 -1728 832 0
w -1552 800 -1744 800 0
w -1744 896 -1744 800 0
w -1760 896 -1744 896 0
w -1760 768 -1760 880 0
w -1536 768 -1760 768 0
w -1472 880 -1392 880 0
w -1472 768 -1472 880 0
180 -1536 768 -1472 768 4 0.1 10000000000 100000000 5
w -1488 896 -1392 896 0
w -1488 800 -1488 896 0
w -1504 912 -1392 912 0
w -1504 832 -1504 912 0
w -1520 928 -1392 928 0
w -1520 864 -1520 928 0
w -1536 944 -1392 944 0
w -1536 896 -1536 944 0
w -1552 960 -1392 960 0
w -1552 928 -1552 960 0
w -1568 976 -1392 976 0
w -1568 960 -1568 976 0
w -1584 992 -1392 992 0
w -1648 976 -1600 976 0
180 -1584 864 -1520 864 4 0.1 10000000000 100000000 5
w -1392 880 -1360 880 0
w -1392 896 -1360 896 0
w -1392 912 -1360 912 0
w -1392 928 -1360 928 0
w -1392 944 -1360 944 0
w -1392 960 -1360 960 0
w -1392 976 -1360 976 0
w -1392 992 -1360 992 0
x -1638 746 -1525 749 4 16 (Tri-state\sbuffer)
w -1776 880 -1760 880 0
w -1776 896 -1760 896 0
w -1776 912 -1760 912 0
w -1776 928 -1760 928 0
w -1776 944 -1760 944 0
w -1776 960 -1760 960 0
w -1776 976 -1760 976 0
w -1776 992 -1760 992 0
w -1776 752 -1648 752 0
b -1776 698 -1362 1017 0
x -1684 727 -1450 730 4 28 Switch\s8\sbit\s(SWC)
x -1508 754 -1493 757 4 10 Buf
180 -1552 800 -1488 800 4 0.1 10000000000 100000000 5
180 -1568 832 -1504 832 4 0.1 10000000000 100000000 5
180 -1600 896 -1536 896 4 0.1 10000000000 100000000 5
180 -1616 928 -1552 928 4 0.1 10000000000 100000000 5
180 -1632 960 -1568 960 4 0.1 10000000000 100000000 5
x -1770 745 -1731 748 4 18 Gate
180 -1648 992 -1584 992 4 0.1 10000000000 100000000 5
w -1664 1104 -1664 1136 0
w -1664 1168 -1664 1136 0
w -1664 1200 -1664 1168 0
w -1664 1232 -1664 1200 0
w -1664 1264 -1664 1232 0
w -1664 1296 -1664 1264 0
w -1664 1328 -1664 1296 0
w -1664 1360 -1664 1328 0
w -1632 1360 -1664 1360 0
w -1664 1136 -1520 1136 0
w -1664 1168 -1536 1168 0
w -1664 1200 -1552 1200 0
w -1664 1232 -1568 1232 0
w -1664 1264 -1584 1264 0
w -1664 1296 -1600 1296 0
w -1776 1328 -1680 1328 0
w -1680 1312 -1680 1328 0
w -1648 1312 -1680 1312 0
w -1696 1280 -1696 1312 0
w -1776 1312 -1696 1312 0
w -1632 1280 -1696 1280 0
w -1712 1248 -1712 1296 0
w -1616 1248 -1712 1248 0
w -1776 1296 -1712 1296 0
w -1776 1344 -1664 1344 0
w -1728 1216 -1728 1280 0
w -1600 1216 -1728 1216 0
w -1776 1280 -1728 1280 0
w -1776 1264 -1744 1264 0
w -1744 1184 -1744 1264 0
w -1584 1184 -1744 1184 0
w -1568 1152 -1760 1152 0
w -1760 1248 -1760 1152 0
w -1776 1248 -1760 1248 0
w -1776 1120 -1776 1232 0
w -1552 1120 -1776 1120 0
w -1488 1232 -1408 1232 0
w -1488 1120 -1488 1232 0
180 -1552 1120 -1488 1120 4 0.1 10000000000 100000000 5
w -1504 1248 -1408 1248 0
w -1504 1152 -1504 1248 0
w -1520 1264 -1408 1264 0
w -1520 1184 -1520 1264 0
w -1536 1280 -1408 1280 0
w -1536 1216 -1536 1280 0
w -1552 1296 -1408 1296 0
w -1552 1248 -1552 1296 0
w -1568 1312 -1408 1312 0
w -1568 1280 -1568 1312 0
w -1584 1328 -1408 1328 0
w -1584 1312 -1584 1328 0
w -1600 1344 -1408 1344 0
w -1664 1328 -1616 1328 0
180 -1600 1216 -1536 1216 4 0.1 10000000000 100000000 5
w -1408 1232 -1376 1232 0
w -1408 1248 -1376 1248 0
w -1408 1264 -1376 1264 0
w -1408 1280 -1376 1280 0
w -1408 1296 -1376 1296 0
w -1408 1312 -1376 1312 0
w -1408 1328 -1376 1328 0
w -1408 1344 -1376 1344 0
x -1651 1098 -1538 1101 4 16 (Tri-state\sbuffer)
w -1792 1232 -1776 1232 0
w -1792 1248 -1776 1248 0
w -1792 1264 -1776 1264 0
w -1792 1280 -1776 1280 0
w -1792 1296 -1776 1296 0
w -1792 1312 -1776 1312 0
w -1792 1328 -1776 1328 0
w -1792 1344 -1776 1344 0
w -1792 1104 -1664 1104 0
b -1789 1054 -1375 1373 0
x -1697 1079 -1463 1082 4 28 Switch\s8\sbit\s(SWC)
x -1524 1106 -1509 1109 4 10 Buf
180 -1568 1152 -1504 1152 4 0.1 10000000000 100000000 5
180 -1584 1184 -1520 1184 4 0.1 10000000000 100000000 5
180 -1616 1248 -1552 1248 4 0.1 10000000000 100000000 5
180 -1632 1280 -1568 1280 4 0.1 10000000000 100000000 5
180 -1648 1312 -1584 1312 4 0.1 10000000000 100000000 5
x -1786 1097 -1747 1100 4 18 Gate
180 -1664 1344 -1600 1344 4 0.1 10000000000 100000000 5
w -1664 1440 -1664 1472 0
w -1664 1504 -1664 1472 0
w -1664 1536 -1664 1504 0
w -1664 1568 -1664 1536 0
w -1664 1600 -1664 1568 0
w -1664 1632 -1664 1600 0
w -1664 1664 -1664 1632 0
w -1664 1696 -1664 1664 0
w -1632 1696 -1664 1696 0
w -1664 1472 -1520 1472 0
w -1664 1504 -1536 1504 0
w -1664 1536 -1552 1536 0
w -1664 1568 -1568 1568 0
w -1664 1600 -1584 1600 0
w -1664 1632 -1600 1632 0
w -1776 1664 -1680 1664 0
w -1680 1648 -1680 1664 0
w -1648 1648 -1680 1648 0
w -1696 1616 -1696 1648 0
w -1776 1648 -1696 1648 0
w -1632 1616 -1696 1616 0
w -1712 1584 -1712 1632 0
w -1616 1584 -1712 1584 0
w -1776 1632 -1712 1632 0
w -1776 1680 -1664 1680 0
w -1728 1552 -1728 1616 0
w -1600 1552 -1728 1552 0
w -1776 1616 -1728 1616 0
w -1776 1600 -1744 1600 0
w -1744 1520 -1744 1600 0
w -1584 1520 -1744 1520 0
w -1568 1488 -1760 1488 0
w -1760 1584 -1760 1488 0
w -1776 1584 -1760 1584 0
w -1776 1456 -1776 1568 0
w -1552 1456 -1776 1456 0
w -1488 1568 -1408 1568 0
w -1488 1456 -1488 1568 0
180 -1552 1456 -1488 1456 4 0.1 10000000000 100000000 5
w -1504 1584 -1408 1584 0
w -1504 1488 -1504 1584 0
w -1520 1600 -1408 1600 0
w -1520 1520 -1520 1600 0
w -1536 1616 -1408 1616 0
w -1536 1552 -1536 1616 0
w -1552 1632 -1408 1632 0
w -1552 1584 -1552 1632 0
w -1568 1648 -1408 1648 0
w -1568 1616 -1568 1648 0
w -1584 1664 -1408 1664 0
w -1584 1648 -1584 1664 0
w -1600 1680 -1408 1680 0
w -1664 1664 -1616 1664 0
180 -1600 1552 -1536 1552 4 0.1 10000000000 100000000 5
w -1408 1568 -1376 1568 0
w -1408 1584 -1376 1584 0
w -1408 1600 -1376 1600 0
w -1408 1616 -1376 1616 0
w -1408 1632 -1376 1632 0
w -1408 1648 -1376 1648 0
w -1408 1664 -1376 1664 0
w -1408 1680 -1376 1680 0
x -1647 1427 -1534 1430 4 16 (Tri-state\sbuffer)
w -1792 1568 -1776 1568 0
w -1792 1584 -1776 1584 0
w -1792 1600 -1776 1600 0
w -1792 1616 -1776 1616 0
w -1792 1632 -1776 1632 0
w -1792 1648 -1776 1648 0
w -1792 1664 -1776 1664 0
w -1792 1680 -1776 1680 0
w -1792 1440 -1664 1440 0
b -1794 1388 -1380 1707 0
x -1693 1408 -1459 1411 4 28 Switch\s8\sbit\s(SWC)
x -1524 1442 -1509 1445 4 10 Buf
180 -1568 1488 -1504 1488 4 0.1 10000000000 100000000 5
180 -1584 1520 -1520 1520 4 0.1 10000000000 100000000 5
180 -1616 1584 -1552 1584 4 0.1 10000000000 100000000 5
180 -1632 1616 -1568 1616 4 0.1 10000000000 100000000 5
180 -1648 1648 -1584 1648 4 0.1 10000000000 100000000 5
x -1786 1433 -1747 1436 4 18 Gate
180 -1664 1680 -1600 1680 4 0.1 10000000000 100000000 5
w -2320 1568 -1792 1568 0
w -2432 1680 -1792 1680 0
w -2336 1584 -1792 1584 0
w -2352 1600 -1792 1600 0
w -2368 1616 -1792 1616 0
w -2384 1632 -1792 1632 0
w -2400 1648 -1792 1648 0
w -2416 1664 -1792 1664 0
w -2432 1680 -2432 2096 0
w -1792 2096 -2272 2096 0
w -1792 2080 -2272 2080 0
w -2416 2080 -2416 1664 0
w -2432 1664 -2416 1664 0
w -1792 2064 -2272 2064 0
w -2400 2064 -2400 1648 0
w -2432 1648 -2400 1648 0
w -2432 1632 -2384 1632 0
w -2432 1616 -2368 1616 0
w -2384 1632 -2384 2048 0
w -2272 2048 -1792 2048 0
w -2368 1616 -2368 2032 0
w -2272 2032 -1792 2032 0
w -1792 2016 -2272 2016 0
w -2352 2016 -2352 1600 0
w -2432 1600 -2352 1600 0
w -2432 1584 -2336 1584 0
w -2336 1584 -2336 2000 0
w -2272 2000 -1792 2000 0
w -1792 1984 -2272 1984 0
w -2320 1984 -2320 1568 0
w -2432 1568 -2320 1568 0
w -2432 992 -2432 1344 0
w -2416 976 -2416 1328 0
w -2432 976 -2416 976 0
w -2432 960 -2400 960 0
w -2400 960 -2400 1312 0
w -2384 1296 -2384 944 0
w -2432 944 -2384 944 0
w -2368 1280 -2368 928 0
w -2352 1264 -2352 912 0
w -2336 1248 -2336 896 0
w -2320 1232 -2320 880 0
w -2416 896 -2432 896 0
w -2352 912 -2400 912 0
w -2368 928 -2384 928 0
w -1904 224 -1792 224 0
w -1904 240 -1792 240 0
w -1904 256 -1792 256 0
w -1904 272 -1792 272 0
w -1904 288 -1792 288 0
w -1904 304 -1792 304 0
w -1904 320 -1792 320 0
w -1904 336 -1792 336 0
w -1840 96 -1792 96 0
w -1856 752 -1776 752 0
w -1872 1104 -1792 1104 0
x -1860 1096 -1818 1099 4 28 OR
x -1849 737 -1787 740 4 28 NOR
x -1827 30 -1768 33 4 28 ADD
x -772 -802 -715 -799 4 28 SUB
x -1879 1429 -1800 1432 4 28 NAND
x -1869 1845 -1810 1848 4 28 AND
w -2432 -1536 -1888 -1536 0
w -1888 -1536 -1888 1440 0
w -1888 1440 -1792 1440 0
w -1904 -1504 -1904 1856 0
w -2432 -1504 -1904 -1504 0
w -1904 1856 -1792 1856 0
w -800 -608 -736 -608 0
w -800 -592 -736 -592 0
w -800 -576 -736 -576 0
w -800 -560 -736 -560 0
w -800 -544 -736 -544 0
w -800 -528 -736 -528 0
w -800 -512 -736 -512 0
w -800 -496 -736 -496 0
w -1376 1984 -1328 1984 0
w -1328 1984 -1328 1568 0
w -1376 1568 -1328 1568 0
w -1328 1568 -1328 1232 0
w -1376 1232 -1328 1232 0
w -1328 1232 -1328 880 0
w -1360 880 -1328 880 0
w -1328 880 -1328 224 0
w -1376 224 -1328 224 0
w -1328 224 -288 224 0
w -320 -608 -288 -608 0
w -288 -608 -288 224 0
w -320 -592 -272 -592 0
w -288 -608 -112 -608 0
w -272 -592 -112 -592 0
w -272 -592 -272 240 0
w -1376 240 -1312 240 0
w -1312 240 -272 240 0
w -1312 240 -1312 896 0
w -1360 896 -1312 896 0
w -1312 896 -1312 1248 0
w -1376 1248 -1312 1248 0
w -1312 1248 -1312 1584 0
w -1376 1584 -1312 1584 0
w -1312 1584 -1312 2000 0
w -1376 2000 -1312 2000 0
w -1376 2016 -1296 2016 0
w -1296 2016 -1296 1600 0
w -1376 1600 -1296 1600 0
w -1296 1600 -1296 1264 0
w -1376 1264 -1296 1264 0
w -1376 2032 -1280 2032 0
w -1280 2032 -1280 1616 0
w -1376 1616 -1280 1616 0
w -1376 2048 -1264 2048 0
w -1264 2048 -1264 1632 0
w -1376 1632 -1264 1632 0
w -1376 2064 -1248 2064 0
w -1248 2064 -1248 1648 0
w -1376 1648 -1248 1648 0
w -1376 2080 -1232 2080 0
w -1232 2080 -1232 1664 0
w -1376 1664 -1232 1664 0
w -1376 2096 -1216 2096 0
w -1216 2096 -1216 1680 0
w -1376 1680 -1216 1680 0
w -1280 1616 -1280 1280 0
w -1376 1280 -1280 1280 0
w -1264 1632 -1264 1296 0
w -1376 1296 -1264 1296 0
w -1248 1648 -1248 1312 0
w -1376 1312 -1248 1312 0
w -1232 1664 -1232 1328 0
w -1376 1328 -1232 1328 0
w -1216 1680 -1216 1344 0
w -1376 1344 -1216 1344 0
w -1296 1264 -1296 912 0
w -1360 912 -1296 912 0
w -1280 1280 -1280 928 0
w -1360 928 -1280 928 0
w -1264 1296 -1264 944 0
w -1360 944 -1264 944 0
w -1248 1312 -1248 960 0
w -1360 960 -1248 960 0
w -1232 1328 -1232 976 0
w -1360 976 -1232 976 0
w -1216 1344 -1216 992 0
w -1360 992 -1216 992 0
w -1376 256 -1296 256 0
w -1296 912 -1296 256 0
w -1376 272 -1280 272 0
w -1280 928 -1280 272 0
w -1264 944 -1264 288 0
w -1376 288 -1264 288 0
w -1376 304 -1248 304 0
w -1248 960 -1248 304 0
w -1376 320 -1232 320 0
w -1232 976 -1232 320 0
w -1376 336 -1216 336 0
w -1216 992 -1216 336 0
w -1296 256 -256 256 0
w -1280 272 -240 272 0
w -1264 288 -224 288 0
w -1248 304 -208 304 0
w -1232 320 -192 320 0
w -1216 336 -176 336 0
w -256 256 -256 -576 0
w -240 272 -240 -560 0
w -224 288 -224 -544 0
w -208 304 -208 -528 0
w -192 320 -192 -512 0
w -176 336 -176 -496 0
w -320 -576 -256 -576 0
w -256 -576 -112 -576 0
w -320 -560 -240 -560 0
w -240 -560 -112 -560 0
w -320 -544 -224 -544 0
w -224 -544 -112 -544 0
w -320 -528 -208 -528 0
w -208 -528 -112 -528 0
w -320 -512 -192 -512 0
w -192 -512 -112 -512 0
w -320 -496 -176 -496 0
w -176 -496 -112 -496 0
b -3424 -1888 -112 2180 0
x -315 -664 -165 -661 4 50 Output
w -112 -496 -96 -496 0
w -112 -512 -80 -512 0
w -112 -528 -64 -528 0
w -112 -544 -48 -544 0
w -112 -560 -32 -560 0
w -112 -576 -16 -576 0
w -112 -592 0 -592 0
w -112 -608 16 -608 0
w -96 -496 32 -496 0
w -80 -512 32 -512 0
w -64 -528 32 -528 0
w -48 -544 32 -544 0
w -32 -560 32 -560 0
w -16 -576 32 -576 0
w 0 -592 32 -592 0
w 16 -608 32 -608 0
M 32 -496 96 -496 0 2.5
M 32 -512 96 -512 0 2.5
M 32 -528 96 -528 0 2.5
M 32 -544 96 -544 0 2.5
M 32 -560 96 -560 0 2.5
M 32 -576 96 -576 0 2.5
M 32 -592 96 -592 0 2.5
M 32 -608 96 -608 0 2.5
I -2320 1984 -2272 1984 0 0.5 5
I -2320 2000 -2272 2000 0 0.5 5
I -2320 2016 -2272 2016 0 0.5 5
I -2320 2032 -2272 2032 0 0.5 5
I -2320 2048 -2272 2048 0 0.5 5
I -2320 2064 -2272 2064 0 0.5 5
I -2320 2080 -2272 2080 0 0.5 5
I -2320 2096 -2272 2096 0 0.5 5
w -2432 2096 -2320 2096 0
w -2416 2080 -2320 2080 0
w -2400 2064 -2320 2064 0
w -2384 2048 -2320 2048 0
w -2368 2032 -2320 2032 0
w -2352 2016 -2320 2016 0
w -2336 2000 -2320 2000 0
I -2848 -480 -2816 -480 0 0.5 5
I -2768 -496 -2720 -496 0 0.5 5
I -2672 -512 -2624 -512 0 0.5 5
I -2576 -528 -2528 -528 0 0.5 5
I -2480 -544 -2432 -544 0 0.5 5
I -2384 -560 -2336 -560 0 0.5 5
I -2288 -576 -2240 -576 0 0.5 5
I -2192 -592 -2144 -592 0 0.5 5
