$ 1 0.000005 0.05817778142098084 13 5 50 5e-11
L 1344 576 1248 576 0 1 false 5 0
w 1376 512 1408 512 0
w 1440 592 1440 608 0
I 1360 544 1440 544 0 0.5 5
w 1472 576 1472 544 0
w 1472 512 1472 544 0
w 1408 576 1344 576 0
180 1408 576 1472 576 4 0.1 10000000000 100000000 5
x 1531 526 1591 529 4 20 Output
x 1158 519 1215 522 4 18 Input\sA
M 1472 544 1552 544 0 2.5
x 1382 522 1403 525 4 10 NOT
x 1447 499 1462 502 4 10 Buf
x 1444 558 1459 561 4 10 Buf
180 1408 512 1472 512 4 0.1 10000000000 100000000 5
w 1440 528 1440 544 0
w 1440 608 1312 608 0
w 1312 512 1376 512 0
w 1312 544 1360 544 0
f 384 576 400 576 96 1.5 0.02
x 408 549 440 552 4 10 Drain\s1
x 412 614 452 617 4 10 Source\s1
x 302 610 332 613 4 10 Gate\s1
L 288 512 240 512 0 1 false 5 0
M 528 640 608 640 0 2.5
x 171 517 228 520 4 18 Input\sA
x 175 676 232 679 4 18 Input\sB
L 256 672 240 672 0 0 false 5 0
x 304 730 334 733 4 10 Gate\s2
x 412 774 452 777 4 10 Source\s2
x 408 709 440 712 4 10 Drain\s2
f 384 736 400 736 96 1.5 0.02
w 400 560 400 512 0
w 400 512 288 512 0
w 400 720 400 672 0
w 400 672 256 672 0
I 288 576 336 576 0 0.5 5
w 336 576 384 576 0
w 272 576 288 576 0
w 272 576 272 736 0
w 272 736 384 736 0
w 400 592 528 592 0
w 528 592 528 640 0
w 400 752 528 752 0
w 528 640 528 752 0
g 400 736 432 736 0 0
159 832 288 896 288 2 20 10000000000 2.5
160 816 384 896 384 2 20 10000000000 2.5
x 828 249 1062 269 4 14 SPST\s(Single\sPole\sSingle\sThrow)\s\\nОднополюсный,\sоднонаправленный
x 834 335 1059 355 4 14 SPDT\s(Single\sPole\sDouble\sThrow)\\nОднополюсный,\sдвунаправленный
x 179 457 624 460 4 20 Multuplexers\s(MUX\s/\sМультиплексер)\sN-MOSFET
b 160 432 652 785 0
w 336 336 416 336 0
w 288 320 320 320 0
w 336 304 336 288 0
f 320 320 336 320 96 1.5 0.02
x 342 301 365 304 4 10 Drain
x 314 358 345 361 4 10 Source
x 207 325 246 328 4 18 Gate
M 464 336 544 336 0 2.5
L 336 288 256 288 0 0 false 5 0
x 165 291 245 294 4 18 Input\sdata
L 288 320 256 320 0 1 false 5 0
g 336 320 368 320 0 0
g 400 576 432 576 0 0
b 160 416 649 166 0
x 252 193 560 196 4 28 1.\sBit\sSwitch\sN-MOSFET
p 464 336 464 384 3 0 0 10000000
g 416 384 400 384 0 0
w 416 336 464 336 0
L 832 288 768 288 0 1 false 5 0
M 896 288 976 288 0 2.5
L 864 304 768 304 0 1 false 5 0
L 816 384 768 384 0 1 false 5 0
M 896 368 976 368 0 2.5
M 896 400 976 400 0 2.5
L 848 368 768 368 0 1 false 5 0
x 705 191 1100 225 4 28 2.\sBit\sSwitch\sTransmission\sGate\\n(Analog\sSwitch)
b 670 166 1126 419 0
x 842 733 935 736 4 18 N-MOSFET
x 834 535 926 538 4 18 P-MOSFET
x 702 455 1095 481 4 20 Bit\sSwitch\sSPST\s(Single\sPole\sSingle\sThrow)\s\\nОднополюсный,\sоднонаправленный
x 732 709 771 712 4 18 Gate
x 925 681 948 684 4 10 Drain
x 841 681 872 684 4 10 Source
x 939 658 961 661 4 10 Body
p 1008 608 1008 640 3 0 0 10000000
M 1008 608 1056 608 0 2.5
L 880 608 784 608 0 1 false 5 0
f 896 704 896 656 96 1.5 0.02
f 896 560 896 608 97 1.5 0.02
w 912 608 1008 608 0
w 896 608 896 624 0
w 896 624 944 624 0
w 896 656 896 640 0
w 896 640 944 640 0
g 944 640 960 640 0 0
w 944 624 944 576 0
R 944 576 944 544 0 0 40 5 0 0 0.5
w 880 608 880 656 0
w 912 608 912 656 0
L 832 704 784 704 0 1 false 5 0
I 832 560 896 560 0 0.5 5
w 832 704 832 560 0
g 1008 688 1008 704 0 0
r 1008 640 1008 688 0 1000
w 896 704 832 704 0
r 464 384 416 384 0 1000
x 955 562 977 565 4 10 Body
x 914 602 945 605 4 10 Source
x 849 603 872 606 4 10 Drain
b 672 432 1123 786 0
x 385 320 407 323 4 10 Body
x 449 576 480 579 4 10 Body\s1
x 449 736 480 739 4 10 Body\s2
x 865 923 888 926 4 10 Drain
x 930 922 961 925 4 10 Source
x 978 884 1000 887 4 10 Body
w 912 1024 848 1024 0
w 848 1024 848 880 0
I 848 880 912 880 0 0.5 5
w 928 928 928 976 0
w 896 928 896 976 0
R 976 896 960 864 0 0 40 5 0 0 0.5
w 976 944 976 896 0
g 944 960 944 976 0 0
w 912 960 944 960 0
w 912 976 912 960 0
w 912 944 976 944 0
w 912 928 912 944 0
w 928 928 1024 928 0
f 912 880 912 928 97 1.5 0.02
f 912 1024 912 976 96 1.5 0.02
L 800 928 752 928 0 1 false 5 0
M 1024 1040 1072 1040 0 2.5
x 947 965 969 968 4 10 Body
x 857 1001 888 1004 4 10 Source
x 936 1011 959 1014 4 10 Drain
x 686 933 743 936 4 18 Input\sA
x 874 861 946 864 4 14 P-MOSFET
x 875 1042 948 1045 4 14 N-MOSFET
x 870 1266 943 1269 4 14 N-MOSFET
x 873 1081 945 1084 4 14 P-MOSFET
x 686 1156 743 1159 4 18 Input\sB
x 941 1225 964 1228 4 10 Drain
x 857 1225 888 1228 4 10 Source
x 948 1200 970 1203 4 10 Body
L 832 1152 752 1152 0 1 false 5 0
f 912 1248 912 1200 96 1.5 0.02
f 912 1104 912 1152 97 1.5 0.02
w 928 1152 1024 1152 0
w 912 1152 912 1168 0
w 912 1168 976 1168 0
w 912 1200 912 1184 0
w 912 1184 960 1184 0
g 960 1184 976 1184 0 0
w 896 1152 896 1200 0
w 928 1152 928 1200 0
I 848 1104 912 1104 0 0.5 5
w 848 1248 848 1104 0
w 912 1248 848 1248 0
x 930 1146 961 1149 4 10 Source
x 865 1147 888 1150 4 10 Drain
w 1024 928 1024 1040 0
w 1024 1152 1024 1040 0
w 896 1152 832 1152 0
w 800 1232 800 1248 0
w 800 1248 848 1248 0
w 800 1232 800 1024 0
w 800 928 896 928 0
x 808 1240 838 1243 4 10 Gate\s2
x 811 1049 841 1052 4 10 Gate\s1
w 976 944 976 1072 0
w 976 1168 976 1072 0
x 702 820 1095 823 4 20 Multuplexers\s(MUX\s/\sМультиплексер)\sSPST
L 800 1024 752 1024 0 1 false 5 0
I 800 1024 848 1024 0 0.5 5
x 681 1029 739 1032 4 18 Control
159 864 1376 928 1376 2 20 10000000000 2.5
159 864 1440 928 1440 2 20 10000000000 2.5
L 864 1376 800 1376 0 1 false 5 0
L 864 1440 800 1440 0 1 false 5 0
L 832 1408 800 1408 0 1 false 5 0
x 724 1412 782 1415 4 18 Control
x 726 1379 783 1382 4 18 Input\sA
x 726 1441 783 1444 4 18 Input\sB
M 928 1408 976 1408 0 2.5
w 928 1376 928 1408 0
w 928 1440 928 1408 0
I 848 1472 896 1472 0 0.5 5
w 896 1472 896 1456 0
w 832 1408 896 1408 0
w 896 1392 896 1408 0
w 848 1472 832 1472 0
w 832 1408 832 1472 0
L 272 576 240 576 0 1 false 5 0
x 172 581 230 584 4 18 Control
b 672 800 1123 1277 0
b 672 1296 1121 1513 0
x 700 1320 1093 1323 4 20 Multuplexers\s(MUX\s/\sМультиплексер)\sSPST
x 1207 193 1549 196 4 28 3.\sBit\sSwitch\sTri-state\sbuffer
w 1408 288 1408 304 0
180 1376 272 1440 272 4 0.1 10000000000 100000000 5
x 1415 259 1430 262 4 10 Buf
L 1376 272 1248 272 0 1 false 5 0
M 1440 272 1520 272 0 2.5
x 1532 277 1592 280 4 20 Output
x 1157 277 1237 280 4 18 Input\sdata
L 1408 304 1248 304 0 1 false 5 0
x 1194 309 1233 312 4 18 Gate
x 1142 459 1612 462 4 20 Multuplexers\s(MUX\s/\sМультиплексер)\sTri-state\sbuffer
L 1312 544 1248 544 0 1 false 5 0
x 1156 550 1214 553 4 18 Control
x 1157 582 1214 585 4 18 Input\sB
w 1312 544 1312 608 0
b 1136 432 1621 784 0
b 1137 168 1625 421 0
x 994 1413 1054 1416 4 20 Output
x 1037 1020 1097 1023 4 20 Output
x 1040 588 1100 591 4 20 Output
x 563 616 623 619 4 20 Output
x 525 315 585 318 4 20 Output
x 675 290 755 293 4 18 Input\sdata
x 712 307 751 310 4 18 Gate
x 713 386 752 389 4 18 Gate
x 676 369 756 372 4 18 Input\sdata
L 1312 512 1248 512 0 0 false 5 0
x 693 611 773 614 4 18 Input\sdata
