$ 1 0.000005 10.20027730826997 50 5 50 5e-11
L 848 -80 768 -80 0 0 false 5 0
L 848 -32 768 -32 0 1 false 5 0
L 848 64 768 64 0 1 false 5 0
L 848 16 768 16 0 0 false 5 0
L 848 208 768 208 0 1 false 5 0
L 848 256 768 256 0 1 false 5 0
L 848 160 768 160 0 1 false 5 0
L 848 112 768 112 0 0 false 5 0
x 745 -76 755 -73 4 18 7
x 745 -28 755 -25 4 18 6
x 745 69 755 72 4 18 4
x 745 21 755 24 4 18 5
x 745 212 755 215 4 18 1
x 745 263 755 266 4 18 0
x 745 166 755 169 4 18 2
x 745 118 755 121 4 18 3
180 848 256 912 256 4 0.1 10000000000 0 5
L 848 288 768 288 0 0 false 5 0
x 720 292 759 295 4 18 Gate
w 848 288 880 288 0
w 880 272 880 288 0
180 848 208 912 208 4 0.1 10000000000 0 5
w 848 288 848 224 0
w 848 224 880 224 0
180 848 160 912 160 4 0.1 10000000000 0 5
w 848 224 848 176 0
w 848 176 880 176 0
180 848 112 912 112 4 0.1 10000000000 0 5
w 848 176 848 128 0
w 848 128 880 128 0
180 848 64 912 64 4 0.1 10000000000 0 5
w 848 128 848 80 0
w 848 80 880 80 0
180 848 16 912 16 4 0.1 10000000000 0 5
w 848 80 848 32 0
w 848 32 880 32 0
180 848 -32 912 -32 4 0.1 10000000000 0 5
180 848 -80 912 -80 4 0.1 10000000000 0 5
w 848 32 848 -16 0
w 848 -16 880 -16 0
w 848 -16 848 -64 0
w 848 -64 880 -64 0
M 912 -80 960 -80 0 2.5
M 912 -32 960 -32 0 2.5
M 912 16 960 16 0 2.5
M 912 64 960 64 0 2.5
M 912 112 960 112 0 2.5
M 912 160 960 160 0 2.5
M 912 208 960 208 0 2.5
M 912 256 960 256 0 2.5
x 873 -101 888 -98 4 10 Buf
x 977 74 1037 77 4 20 Output
x 745 -99 825 -96 4 18 Input\sdata
x 724 -162 1055 -159 4 28 8\sbit\sSwitch\sTri-state\sbuffer
x 1239 -112 1296 -109 4 18 Input\sA
x 1695 82 1755 85 4 20 Output
x 1369 -117 1384 -114 4 10 Buf
w 1344 -80 1376 -80 0
w 1344 -32 1344 -80 0
w 1344 -32 1376 -32 0
w 1344 16 1344 -32 0
180 1344 -96 1408 -96 4 0.1 10000000000 0 5
180 1344 -48 1408 -48 4 0.1 10000000000 0 5
w 1344 16 1376 16 0
w 1344 64 1344 16 0
180 1344 0 1408 0 4 0.1 10000000000 0 5
w 1344 64 1376 64 0
w 1344 112 1344 64 0
180 1344 48 1408 48 4 0.1 10000000000 0 5
w 1344 112 1376 112 0
w 1344 160 1344 112 0
180 1344 96 1408 96 4 0.1 10000000000 0 5
w 1344 160 1376 160 0
w 1344 208 1344 160 0
180 1344 144 1408 144 4 0.1 10000000000 0 5
w 1344 208 1376 208 0
w 1344 272 1344 208 0
180 1344 192 1408 192 4 0.1 10000000000 0 5
w 1376 256 1376 272 0
w 1344 272 1376 272 0
x 1173 254 1196 257 4 18 sel
L 1264 272 1184 272 0 1 false 5 0
180 1344 240 1408 240 4 0.1 10000000000 0 5
x 1346 92 1356 95 4 18 3
x 1347 140 1357 143 4 18 2
x 1345 234 1355 237 4 18 0
x 1347 189 1357 192 4 18 1
x 1347 -4 1357 -1 4 18 5
x 1347 44 1357 47 4 18 4
x 1347 -52 1357 -49 4 18 6
x 1346 -98 1356 -95 4 18 7
L 1344 96 1264 96 0 1 false 5 0
L 1344 144 1264 144 0 0 false 5 0
L 1344 240 1264 240 0 0 false 5 0
L 1344 192 1264 192 0 1 false 5 0
L 1344 0 1264 0 0 1 false 5 0
L 1344 48 1264 48 0 0 false 5 0
L 1344 -48 1264 -48 0 0 false 5 0
L 1344 -96 1264 -96 0 1 false 5 0
L 1536 -80 1456 -80 0 0 false 5 0
L 1536 -32 1456 -32 0 1 false 5 0
L 1536 64 1456 64 0 1 false 5 0
L 1536 16 1456 16 0 0 false 5 0
L 1536 208 1456 208 0 0 false 5 0
L 1536 256 1456 256 0 1 false 5 0
L 1536 160 1456 160 0 1 false 5 0
L 1536 112 1456 112 0 0 false 5 0
x 1536 -80 1546 -77 4 18 7
x 1538 -33 1548 -30 4 18 6
x 1539 61 1549 64 4 18 4
x 1538 14 1548 17 4 18 5
x 1539 205 1549 208 4 18 1
x 1537 254 1547 257 4 18 0
x 1538 158 1548 161 4 18 2
x 1539 110 1549 113 4 18 3
180 1536 256 1600 256 4 0.1 10000000000 0 5
w 1536 288 1568 288 0
w 1568 272 1568 288 0
180 1536 208 1600 208 4 0.1 10000000000 0 5
w 1536 288 1536 224 0
w 1536 224 1568 224 0
180 1536 160 1600 160 4 0.1 10000000000 0 5
w 1536 224 1536 176 0
w 1536 176 1568 176 0
180 1536 112 1600 112 4 0.1 10000000000 0 5
w 1536 176 1536 128 0
w 1536 128 1568 128 0
180 1536 64 1600 64 4 0.1 10000000000 0 5
w 1536 128 1536 80 0
w 1536 80 1568 80 0
180 1536 16 1600 16 4 0.1 10000000000 0 5
w 1536 80 1536 32 0
w 1536 32 1568 32 0
180 1536 -32 1600 -32 4 0.1 10000000000 0 5
180 1536 -80 1600 -80 4 0.1 10000000000 0 5
w 1536 32 1536 -16 0
w 1536 -16 1568 -16 0
w 1536 -16 1536 -64 0
w 1536 -64 1568 -64 0
x 1561 -101 1576 -98 4 10 Buf
x 1471 -114 1528 -111 4 18 Input\sB
I 1264 272 1344 272 0 0.5 5
w 1264 272 1264 288 0
w 1264 288 1536 288 0
w 1408 240 1600 240 0
w 1600 256 1600 240 0
w 1600 240 1632 240 0
w 1408 192 1600 192 0
w 1600 208 1600 192 0
w 1600 192 1632 192 0
w 1408 144 1600 144 0
w 1600 160 1600 144 0
w 1600 144 1632 144 0
w 1408 96 1600 96 0
w 1600 112 1600 96 0
w 1600 96 1632 96 0
w 1408 48 1600 48 0
w 1600 64 1600 48 0
w 1600 48 1632 48 0
w 1408 0 1600 0 0
w 1600 16 1600 0 0
w 1600 0 1632 0 0
w 1408 -48 1600 -48 0
w 1600 -32 1600 -48 0
w 1600 -48 1632 -48 0
w 1408 -96 1600 -96 0
w 1600 -80 1600 -96 0
w 1600 -96 1632 -96 0
M 1632 -96 1680 -96 0 2.5
M 1632 -48 1680 -48 0 2.5
M 1632 0 1680 0 0 2.5
M 1632 48 1680 48 0 2.5
M 1632 96 1680 96 0 2.5
M 1632 144 1680 144 0 2.5
M 1632 192 1680 192 0 2.5
M 1632 240 1680 240 0 2.5
x 1236 -157 1732 -154 4 28 8\sbit\sMultuplexers\s(MUX)\sTri-state\sbuffer
b 672 -192 1102 319 0
b 1123 -192 1780 321 0
x 1363 -564 1485 -561 4 28 MUX\s2\sbit
w 1504 -384 1504 -400 0
w 1504 -448 1504 -432 0
152 1504 -416 1600 -416 0 2 5 5
M 1600 -416 1648 -416 0 2.5
w 1392 -464 1424 -464 0
I 1296 -464 1392 -464 0 0.5 5
L 1296 -464 1216 -464 0 0 false 5 0
w 1376 -432 1424 -432 0
w 1376 -368 1424 -368 0
L 1376 -368 1216 -368 0 0 false 5 0
L 1376 -432 1216 -432 0 1 false 5 0
150 1424 -384 1504 -384 0 2 0 5
150 1424 -448 1504 -448 0 2 5 5
150 1424 -320 1504 -320 0 2 5 5
150 1424 -256 1504 -256 0 2 0 5
L 1376 -304 1216 -304 0 1 false 5 0
L 1376 -240 1216 -240 0 0 false 5 0
w 1376 -240 1424 -240 0
w 1376 -304 1424 -304 0
w 1392 -336 1424 -336 0
w 1296 -272 1424 -272 0
M 1600 -288 1648 -288 0 2.5
152 1504 -288 1600 -288 0 2 5 5
w 1504 -320 1504 -304 0
w 1504 -256 1504 -272 0
w 1296 -464 1296 -400 0
w 1296 -400 1424 -400 0
w 1392 -464 1392 -336 0
w 1296 -400 1296 -272 0
x 1638 -431 1654 -428 4 24 A
x 1638 -305 1654 -302 4 24 B
x 1172 -460 1202 -457 4 24 sel
x 1172 -425 1201 -422 4 24 A0
x 1174 -363 1203 -360 4 24 A1
x 1173 -299 1202 -296 4 24 B0
x 1172 -237 1201 -234 4 24 B1
x 1302 -524 1527 -498 4 20 sel\q0\soutput:\sA\qA0\sB\qB0\\nsel\q1\soutput:\sA\qA1\sB\qB1
b 1120 -592 1779 -215 0
