$ 0 0.000005 10.20027730826997 50 5 50 5e-11
f 16 192 80 192 97 1.5 0.02
f 16 288 80 288 96 1.5 0.02
w 80 208 80 240 0
w 80 240 80 272 0
w 16 192 16 240 0
w 16 240 16 288 0
L 16 240 -32 240 0 1 false 5 0
M 80 240 144 240 0 2.5
R 80 176 80 128 0 0 40 5 0 0 0.5
g 80 304 80 336 0 0
x 89 190 140 193 4 10 P-MOSFET
x 88 307 140 310 4 10 N-MOSFET
x 52 80 102 83 4 24 NOT
w 80 288 80 304 0
w 80 192 80 176 0
f 128 -112 192 -112 97 1.5 0.02
x 135 -201 258 -198 4 24 P-MOSFET
L 128 -112 96 -112 0 1 false 5 0
f 352 -64 416 -64 96 1.5 0.02
x 363 -204 488 -201 4 24 N-MOSFET
L 352 -64 320 -64 0 0 false 5 0
R 192 -128 192 -176 0 0 40 5 0 0 0.5
w 192 -128 192 -112 0
g 416 -48 416 -16 0 0
w 416 -64 416 -48 0
M 416 -80 480 -80 0 2.5
x 459 -95 487 -92 4 10 output
x 246 -111 274 -108 4 10 output
M 192 -96 256 -96 0 2.5
x 198 -127 228 -124 4 10 source
x 422 -47 452 -44 4 10 source
x 197 -111 218 -108 4 10 body
x 423 -63 444 -60 4 10 body
x 351 -51 370 -48 4 10 gate
x 127 -99 146 -96 4 10 gate
x 425 -85 447 -82 4 10 drain
x 199 -85 221 -82 4 10 drain
x 187 -188 204 -185 4 10 Vdd
r 192 -96 192 -32 0 1000
g 192 -32 192 -16 0 0
R 416 -144 416 -176 0 0 40 5 0 0 0.5
r 416 -80 416 -144 0 1000
x 407 -181 424 -178 4 10 Vdd
b 80 -231 523 31 0
f 560 160 624 160 97 1.5 0.02
R 624 144 624 96 0 0 40 5 0 0 0.5
w 624 144 624 160 0
L 544 160 512 160 0 1 false 5 0
f 560 224 624 224 97 1.5 0.02
L 560 224 512 224 0 1 false 5 0
M 656 240 720 240 0 2.5
w 624 144 640 144 0
w 640 144 640 208 0
w 640 208 624 208 0
w 624 208 624 224 0
w 624 176 656 176 0
w 656 176 656 240 0
w 656 240 624 240 0
f 560 304 624 304 96 1.5 0.02
f 560 384 624 384 96 1.5 0.02
w 624 288 656 288 0
w 656 240 656 288 0
w 624 320 624 368 0
w 624 304 624 320 0
g 624 400 624 432 0 0
w 624 384 624 400 0
w 560 160 544 160 0
w 544 160 544 304 0
w 560 304 544 304 0
w 560 224 560 384 0
x 665 174 716 177 4 10 P-MOSFET
x 632 339 684 342 4 10 N-MOSFET
b 481 54 754 463 0
x 579 78 647 81 4 24 NAND
x 316 80 366 83 4 24 AND
b 209 54 482 463 0
x 360 339 412 342 4 10 N-MOSFET
x 393 174 444 177 4 10 P-MOSFET
w 288 224 288 384 0
w 288 304 272 304 0
w 272 160 272 304 0
w 288 160 272 160 0
w 352 384 352 400 0
g 352 400 352 432 0 0
w 352 304 352 320 0
w 352 320 352 368 0
w 384 240 384 288 0
w 352 288 384 288 0
f 288 384 352 384 96 1.5 0.02
f 288 304 352 304 96 1.5 0.02
w 384 240 352 240 0
w 384 176 384 240 0
w 352 176 384 176 0
w 352 208 352 224 0
w 368 208 352 208 0
w 368 144 368 208 0
w 352 144 368 144 0
M 432 240 464 240 0 2.5
L 288 224 240 224 0 1 false 5 0
f 288 224 352 224 97 1.5 0.02
L 272 160 240 160 0 0 false 5 0
w 352 144 352 160 0
R 352 144 352 96 0 0 40 5 0 0 0.5
f 288 160 352 160 97 1.5 0.02
I 384 240 432 240 0 0.5 5
I 32 512 80 512 0 0.5 5
b -65 54 208 463 0
b -64 464 755 552 0
b 208 464 483 551 0
x 132 765 183 768 4 10 P-MOSFET
w 112 752 112 784 0
f 48 800 112 800 97 1.5 0.02
w 112 720 112 736 0
R 112 720 112 672 0 0 40 5 0 0 0.5
f 48 736 112 736 97 1.5 0.02
L 32 736 0 736 0 1 false 5 0
L 48 800 0 800 0 0 false 5 0
M 128 816 176 816 0 2.5
w 112 816 128 816 0
x 76 640 129 643 4 24 NOR
x 135 899 187 902 4 10 N-MOSFET
g 112 960 112 992 0 0
f 48 944 112 944 96 1.5 0.02
f 48 864 112 864 96 1.5 0.02
x 221 163 229 166 4 12 A
x 221 227 229 230 4 12 B
x 490 227 498 230 4 12 B
x 490 163 498 166 4 12 A
x 429 220 478 223 4 12 OUTPUT
x 700 224 749 227 4 12 OUTPUT
x 128 229 177 232 4 12 OUTPUT
x -51 243 -43 246 4 12 A
x -22 802 -14 805 4 12 B
x -22 738 -14 741 4 12 A
w 128 816 128 848 0
w 128 848 112 848 0
g 112 880 112 896 0 0
w 128 848 128 928 0
x 162 802 211 805 4 12 OUTPUT
w 112 928 128 928 0
w 112 944 112 960 0
w 112 864 112 880 0
w 32 736 48 736 0
w 32 736 32 864 0
w 32 864 48 864 0
w 48 800 48 944 0
w 112 800 128 800 0
w 128 800 128 720 0
w 128 720 112 720 0
b -45 1018 230 1105 0
b -44 608 229 1017 0
153 48 1056 176 1056 0 2 5 5
150 304 512 416 512 0 2 0 5
151 560 512 688 512 0 2 5 5
x 437 631 473 634 4 24 OR
w 448 720 432 720 0
w 448 800 448 720 0
w 432 800 448 800 0
w 368 800 368 944 0
w 352 864 368 864 0
w 352 736 352 864 0
w 352 736 368 736 0
w 432 864 432 880 0
w 432 944 432 960 0
w 432 928 448 928 0
w 448 848 448 928 0
g 432 880 432 896 0 0
w 448 848 432 848 0
w 448 816 448 848 0
x 298 738 306 741 4 12 A
x 298 802 306 805 4 12 B
f 368 864 432 864 96 1.5 0.02
f 368 944 432 944 96 1.5 0.02
g 432 960 432 992 0 0
x 455 899 507 902 4 10 N-MOSFET
x 362 705 401 708 4 18 NOR
w 432 816 448 816 0
L 368 800 320 800 0 0 false 5 0
L 352 736 320 736 0 0 false 5 0
f 368 736 432 736 97 1.5 0.02
R 432 720 432 672 0 0 40 5 0 0 0.5
w 432 720 432 736 0
f 368 800 432 800 97 1.5 0.02
w 432 752 432 784 0
x 452 765 503 768 4 10 P-MOSFET
x 624 805 673 808 4 12 OUTPUT
w 576 768 576 752 0
w 576 864 576 880 0
x 540 703 577 706 4 18 NOT
x 584 883 636 886 4 10 N-MOSFET
x 585 766 636 769 4 10 P-MOSFET
g 576 880 576 912 0 0
M 576 816 640 816 0 2.5
w 512 816 512 864 0
w 512 768 512 816 0
w 576 816 576 848 0
w 576 784 576 816 0
f 512 864 576 864 96 1.5 0.02
f 512 768 576 768 97 1.5 0.02
w 448 816 512 816 0
w 576 752 576 720 0
w 448 720 576 720 0
x 416 650 503 653 4 16 NOR\s\p\sNOT
b 237 609 727 1014 0
b 237 1014 725 1104 0
152 400 1056 512 1056 0 2 0 5
x 970 149 1358 152 4 16 NAND(\sNAND(A,\sNAND(A,B)),\sNAND(B,\sNAND(A,B))\s)
x 1131 106 1183 109 4 24 XOR
x 970 398 1017 401 4 12 NAND_1
x 970 618 1022 621 4 10 N-MOSFET
x 969 464 1020 467 4 10 P-MOSFET
w 960 496 960 656 0
w 960 576 944 576 0
w 944 432 944 576 0
w 960 432 944 432 0
w 1024 656 1024 672 0
g 1024 672 1040 672 0 0
w 1024 576 1024 592 0
w 1024 592 1024 640 0
w 1056 512 1056 560 0
w 1024 560 1056 560 0
f 960 656 1024 656 96 1.5 0.02
f 960 576 1024 576 96 1.5 0.02
w 1056 512 1024 512 0
w 1056 448 1056 512 0
w 1024 448 1056 448 0
w 1024 480 1024 496 0
w 1040 480 1024 480 0
w 1040 416 1040 480 0
w 1024 416 1040 416 0
L 960 496 912 496 0 0 false 5 0
f 960 496 1024 496 97 1.5 0.02
L 944 432 912 432 0 0 false 5 0
w 1024 416 1024 432 0
R 1024 416 1024 368 0 0 40 5 0 0 0.5
f 960 432 1024 432 97 1.5 0.02
x 1079 919 1131 922 4 10 N-MOSFET
x 1091 768 1142 771 4 10 P-MOSFET
w 1072 800 1072 960 0
w 1072 880 1056 880 0
w 1056 736 1056 880 0
w 1072 736 1056 736 0
w 1136 960 1136 976 0
g 1136 976 1152 976 0 0
w 1136 880 1136 896 0
w 1136 896 1136 944 0
w 1168 816 1168 864 0
w 1136 864 1168 864 0
f 1072 960 1136 960 96 1.5 0.02
f 1072 880 1136 880 96 1.5 0.02
w 1168 816 1136 816 0
w 1168 752 1168 816 0
w 1136 752 1168 752 0
w 1136 784 1136 800 0
w 1152 784 1136 784 0
w 1152 720 1152 784 0
w 1136 720 1152 720 0
f 1072 800 1136 800 97 1.5 0.02
w 1136 720 1136 736 0
R 1136 720 1136 672 0 0 40 5 0 0 0.5
f 1072 736 1136 736 97 1.5 0.02
x 890 434 898 437 4 12 A
x 890 498 898 501 4 12 B
w 944 576 944 736 0
w 944 736 1056 736 0
w 1056 512 1072 512 0
w 1072 512 1072 800 0
x 1084 789 1092 792 4 12 B
x 1084 725 1092 728 4 12 A
w 1056 288 1088 288 0
f 1088 224 1152 224 97 1.5 0.02
R 1152 208 1152 160 0 0 40 5 0 0 0.5
w 1152 208 1152 224 0
f 1088 288 1152 288 97 1.5 0.02
w 1152 208 1168 208 0
w 1168 208 1168 272 0
w 1168 272 1152 272 0
w 1152 272 1152 288 0
w 1152 240 1184 240 0
w 1184 240 1184 304 0
w 1184 304 1152 304 0
f 1088 368 1152 368 96 1.5 0.02
f 1088 448 1152 448 96 1.5 0.02
w 1152 352 1184 352 0
w 1184 304 1184 352 0
w 1152 384 1152 432 0
w 1152 368 1152 384 0
g 1152 464 1152 480 0 0
w 1152 448 1152 464 0
w 1088 224 1072 224 0
w 1072 224 1072 368 0
w 1088 368 1072 368 0
w 1088 288 1088 448 0
x 1106 256 1157 259 4 10 P-MOSFET
x 1095 412 1147 415 4 10 N-MOSFET
w 960 496 960 288 0
w 960 288 1056 288 0
w 1072 512 1072 368 0
x 1112 280 1120 283 4 12 B
x 1112 216 1120 219 4 12 A
x 1340 544 1389 547 4 12 OUTPUT
x 1205 666 1257 669 4 10 N-MOSFET
x 1221 513 1272 516 4 10 P-MOSFET
w 1200 544 1200 704 0
w 1200 624 1184 624 0
w 1184 480 1184 624 0
w 1200 480 1184 480 0
w 1264 704 1264 720 0
g 1264 720 1280 720 0 0
w 1264 624 1264 640 0
w 1264 640 1264 688 0
w 1296 560 1296 608 0
w 1264 608 1296 608 0
f 1200 704 1264 704 96 1.5 0.02
f 1200 624 1264 624 96 1.5 0.02
w 1296 560 1264 560 0
w 1296 496 1296 560 0
w 1264 496 1296 496 0
w 1264 528 1264 544 0
w 1280 528 1264 528 0
w 1280 464 1280 528 0
w 1264 464 1280 464 0
M 1296 560 1360 560 0 2.5
f 1200 544 1264 544 97 1.5 0.02
w 1264 464 1264 480 0
R 1264 464 1264 416 0 0 40 5 0 0 0.5
f 1200 480 1264 480 97 1.5 0.02
w 1168 752 1168 544 0
w 1168 544 1200 544 0
w 1184 352 1184 480 0
b 880 64 1440 1006 0
b 880 1008 1441 1121 0
154 1056 1072 1200 1072 0 2 0 5
b 1474 1006 2035 1119 0
b 1472 64 2032 1006 0
w 1776 352 1776 480 0
w 1760 544 1792 544 0
w 1760 752 1760 544 0
f 1792 480 1856 480 97 1.5 0.02
R 1856 464 1856 416 0 0 40 5 0 0 0.5
w 1856 464 1856 480 0
f 1792 544 1856 544 97 1.5 0.02
M 1952 560 2000 560 0 2.5
w 1856 464 1872 464 0
w 1872 464 1872 528 0
w 1872 528 1856 528 0
w 1856 528 1856 544 0
w 1856 496 1888 496 0
w 1888 496 1888 560 0
w 1888 560 1856 560 0
f 1792 624 1856 624 96 1.5 0.02
f 1792 704 1856 704 96 1.5 0.02
w 1856 608 1888 608 0
w 1888 560 1888 608 0
w 1856 640 1856 688 0
w 1856 624 1856 640 0
g 1856 720 1872 720 0 0
w 1856 704 1856 720 0
w 1792 480 1776 480 0
w 1776 480 1776 624 0
w 1792 624 1776 624 0
w 1792 544 1792 704 0
x 1813 513 1864 516 4 10 P-MOSFET
x 1797 666 1849 669 4 10 N-MOSFET
x 1955 541 2004 544 4 12 OUTPUT
x 1704 216 1712 219 4 12 A
x 1704 280 1712 283 4 12 B
w 1664 512 1664 368 0
w 1552 288 1648 288 0
w 1552 496 1552 288 0
x 1687 412 1739 415 4 10 N-MOSFET
x 1698 256 1749 259 4 10 P-MOSFET
w 1680 288 1680 448 0
w 1680 368 1664 368 0
w 1664 224 1664 368 0
w 1680 224 1664 224 0
w 1744 448 1744 464 0
g 1744 464 1744 480 0 0
w 1744 368 1744 384 0
w 1744 384 1744 432 0
w 1776 304 1776 352 0
w 1744 352 1776 352 0
f 1680 448 1744 448 96 1.5 0.02
f 1680 368 1744 368 96 1.5 0.02
w 1776 304 1744 304 0
w 1776 240 1776 304 0
w 1744 240 1776 240 0
w 1744 272 1744 288 0
w 1760 272 1744 272 0
w 1760 208 1760 272 0
w 1744 208 1760 208 0
f 1680 288 1744 288 97 1.5 0.02
w 1744 208 1744 224 0
R 1744 208 1744 160 0 0 40 5 0 0 0.5
f 1680 224 1744 224 97 1.5 0.02
w 1648 288 1680 288 0
x 1676 725 1684 728 4 12 A
x 1676 789 1684 792 4 12 B
w 1664 512 1664 800 0
w 1648 512 1664 512 0
w 1536 736 1648 736 0
w 1536 576 1536 736 0
x 1482 498 1490 501 4 12 B
x 1482 434 1490 437 4 12 A
f 1664 736 1728 736 97 1.5 0.02
R 1728 720 1728 672 0 0 40 5 0 0 0.5
w 1728 720 1728 736 0
f 1664 800 1728 800 97 1.5 0.02
w 1728 720 1744 720 0
w 1744 720 1744 784 0
w 1744 784 1728 784 0
w 1728 784 1728 800 0
w 1728 752 1760 752 0
w 1760 752 1760 816 0
w 1760 816 1728 816 0
f 1664 880 1728 880 96 1.5 0.02
f 1664 960 1728 960 96 1.5 0.02
w 1728 864 1760 864 0
w 1760 816 1760 864 0
w 1728 896 1728 944 0
w 1728 880 1728 896 0
g 1728 976 1744 976 0 0
w 1728 960 1728 976 0
w 1664 736 1648 736 0
w 1648 736 1648 880 0
w 1664 880 1648 880 0
w 1664 800 1664 960 0
x 1683 768 1734 771 4 10 P-MOSFET
x 1671 919 1723 922 4 10 N-MOSFET
f 1552 432 1616 432 97 1.5 0.02
R 1616 416 1616 368 0 0 40 5 0 0 0.5
w 1616 416 1616 432 0
L 1536 432 1504 432 0 0 false 5 0
f 1552 496 1616 496 97 1.5 0.02
L 1552 496 1504 496 0 0 false 5 0
w 1616 416 1632 416 0
w 1632 416 1632 480 0
w 1632 480 1616 480 0
w 1616 480 1616 496 0
w 1616 448 1648 448 0
w 1648 448 1648 512 0
w 1648 512 1616 512 0
f 1552 576 1616 576 96 1.5 0.02
f 1552 656 1616 656 96 1.5 0.02
w 1616 560 1648 560 0
w 1648 512 1648 560 0
w 1616 592 1616 640 0
w 1616 576 1616 592 0
g 1616 672 1632 672 0 0
w 1616 656 1616 672 0
w 1552 432 1536 432 0
w 1536 432 1536 576 0
w 1552 576 1536 576 0
w 1552 496 1552 656 0
x 1561 464 1612 467 4 10 P-MOSFET
x 1562 618 1614 621 4 10 N-MOSFET
x 1562 398 1609 401 4 12 NAND_1
x 1708 102 1784 105 4 24 XNOR\s
x 1702 139 1781 142 4 16 NOT(XOR)
I 1888 560 1952 560 0 0.5 5
