$ 1 0.000005 10.20027730826997 50 5 50 5e-11
L 864 624 832 624 0 1 false 5 0
L 864 608 832 608 0 1 false 5 0
L 864 592 832 592 0 1 false 5 0
L 864 576 832 576 0 1 false 5 0
L 864 560 832 560 0 1 false 5 0
L 864 544 832 544 0 1 false 5 0
L 864 528 832 528 0 1 false 5 0
151 1040 320 1120 320 0 2 5 5
151 1056 384 1136 384 0 2 5 5
151 1088 512 1168 512 0 2 5 5
151 1024 256 1104 256 0 2 5 5
151 1008 192 1088 192 0 2 5 5
151 992 128 1072 128 0 2 5 5
151 976 64 1056 64 0 2 5 5
151 1072 448 1152 448 0 2 5 5
w 976 80 976 512 0
w 992 144 992 240 0
w 1008 208 1008 256 0
w 1024 272 1024 320 0
w 1040 336 1040 576 0
w 1056 400 1056 592 0
w 864 624 1088 624 0
w 864 608 1072 608 0
w 864 592 1056 592 0
w 864 576 1040 576 0
w 1024 320 1024 560 0
w 864 560 1024 560 0
w 1008 256 1008 544 0
w 864 544 1008 544 0
w 992 240 992 528 0
w 992 528 864 528 0
L 864 512 832 512 0 1 false 5 0
w 976 512 864 512 0
L 864 48 832 48 0 0 false 5 0
L 864 64 832 64 0 0 false 5 0
L 864 80 832 80 0 0 false 5 0
L 864 96 832 96 0 0 false 5 0
L 864 112 832 112 0 0 false 5 0
L 864 128 832 128 0 0 false 5 0
L 864 144 832 144 0 0 false 5 0
L 864 160 832 160 0 0 false 5 0
w 864 48 976 48 0
w 864 64 960 64 0
w 960 64 960 112 0
w 960 112 992 112 0
w 864 80 944 80 0
w 944 80 944 176 0
w 944 176 1008 176 0
w 864 96 928 96 0
w 928 96 928 240 0
w 928 240 1024 240 0
w 864 112 912 112 0
w 912 112 912 304 0
w 912 304 1040 304 0
w 864 128 896 128 0
w 896 128 896 368 0
w 896 368 1056 368 0
w 864 144 880 144 0
w 880 144 880 432 0
w 1072 432 880 432 0
w 864 160 864 496 0
w 1088 496 864 496 0
w 1088 528 1088 624 0
w 1072 464 1072 608 0
w 1056 64 1216 64 0
w 1072 128 1072 80 0
w 1072 80 1216 80 0
w 1088 192 1088 96 0
w 1088 96 1216 96 0
w 1104 256 1104 112 0
w 1104 112 1216 112 0
w 1120 320 1120 128 0
w 1120 128 1216 128 0
w 1136 384 1136 144 0
w 1136 144 1216 144 0
w 1152 448 1152 160 0
w 1152 160 1216 160 0
w 1168 512 1168 176 0
w 1168 176 1216 176 0
M 1216 64 1248 64 0 2.5
M 1216 80 1248 80 0 2.5
M 1216 96 1248 96 0 2.5
M 1216 112 1248 112 0 2.5
M 1216 128 1248 128 0 2.5
M 1216 144 1248 144 0 2.5
M 1216 160 1248 160 0 2.5
M 1216 176 1248 176 0 2.5
