$ 1 0.000005 10.20027730826997 50 5 50 5e-11
L 816 -144 752 -144 0 1 false 5 0
M 1168 16 1248 16 0 2.5
x 831 -45 1218 -42 4 24 ((A\s\a\a\s!B)\s||\s(!A\s\a\a\sB))\s\a\a\s(A\s\a\a\s!B)
150 880 0 960 0 0 2 0 5
150 880 80 960 80 0 2 0 5
I 832 16 880 16 0 0.5 5
I 832 64 880 64 0 0.5 5
152 992 32 1072 32 0 2 0 5
w 960 0 992 16 0
w 960 80 992 48 0
L 800 -112 752 -112 0 1 false 5 0
w 880 -16 816 -16 0
w 816 -16 816 64 0
w 832 64 816 64 0
w 800 16 832 16 0
w 800 16 800 96 0
w 800 96 880 96 0
x 717 -138 733 -135 4 24 A
x 717 -107 733 -104 4 24 B
150 1072 16 1168 16 0 2 0 5
w 960 0 1072 0 0
150 864 -128 944 -128 0 2 0 5
I 816 -112 864 -112 0 0.5 5
w 816 -144 864 -144 0
M 944 -128 1248 -128 0 2.5
w 816 -112 800 -112 0
w 816 -144 816 -16 0
w 800 -112 800 16 0
