$ 1 0.000005 10.20027730826997 50 5 50 5e-11
w -4704 -3360 -4656 -3360 0
w -4704 -3376 -4656 -3376 0
w -4704 -3392 -4656 -3392 0
w -4704 -3408 -4656 -3408 0
w -4704 -3424 -4656 -3424 0
w -4704 -3440 -4656 -3440 0
x -4710 -3365 -4674 -3362 4 12 REG\s5
x -4710 -3381 -4674 -3378 4 12 REG\s4
x -4710 -3395 -4674 -3392 4 12 REG\s3
x -4710 -3413 -4674 -3410 4 12 REG\s2
x -4710 -3429 -4674 -3426 4 12 REG\s1
x -4711 -3447 -4675 -3444 4 12 REG\s0
w -4800 -3440 -4704 -3440 0
w -4800 -3424 -4704 -3424 0
w -4800 -3408 -4704 -3408 0
w -4800 -3392 -4704 -3392 0
w -4800 -3376 -4704 -3376 0
w -4800 -3360 -4704 -3360 0
w -4800 -3344 -4704 -3344 0
w -4800 -3328 -4704 -3328 0
x -5618 -3080 -5363 -3077 4 50 Instructions
w -5136 -2928 -5392 -2928 0
w -5152 -2944 -5392 -2944 0
w -5168 -2960 -5392 -2960 0
I -5104 -2944 -5040 -2944 0 0.5 5
I -5072 -2928 -5008 -2928 0 0.5 5
I -5120 -2960 -5056 -2960 0 0.5 5
150 -4992 -3376 -4896 -3376 0 3 0 5
150 -4992 -3440 -4896 -3440 0 3 0 5
150 -4992 -3312 -4896 -3312 0 3 0 5
150 -4992 -3248 -4896 -3248 0 3 0 5
150 -4992 -3184 -4896 -3184 0 3 0 5
150 -4992 -3120 -4896 -3120 0 3 0 5
150 -4992 -3056 -4896 -3056 0 3 5 5
150 -4992 -2992 -4896 -2992 0 3 0 5
w -5168 -2960 -5120 -2960 0
w -5072 -2928 -5136 -2928 0
w -5040 -2944 -5024 -2944 0
x -5211 -2965 -5188 -2962 4 18 D2
x -5211 -2948 -5188 -2945 4 18 D1
x -5211 -2932 -5188 -2929 4 18 D0
w -5168 -2960 -5168 -3008 0
w -5152 -2944 -5152 -2992 0
w -5152 -3248 -5152 -3312 0
w -5136 -2928 -5136 -2976 0
w -5136 -3232 -5136 -3360 0
w -5040 -2960 -5040 -3264 0
w -5040 -3392 -5040 -3456 0
w -5008 -2928 -5008 -3040 0
x -5084 -3479 -4863 -3476 4 24 3\sbit\sdecoder\s(3\sto\s8)
w -5008 -3408 -5008 -3424 0
w -5152 -2944 -5104 -2944 0
w -5056 -2960 -5040 -2960 0
w -4992 -2976 -5136 -2976 0
w -4992 -2992 -5152 -2992 0
w -4992 -3008 -5168 -3008 0
w -4992 -3040 -5008 -3040 0
w -5008 -3168 -5008 -3040 0
w -4992 -3056 -5152 -3056 0
w -5152 -2992 -5152 -3056 0
w -5136 -2976 -5136 -3104 0
w -4992 -3072 -5168 -3072 0
w -5168 -3008 -5168 -3072 0
w -5168 -3072 -5168 -3136 0
w -5152 -3056 -5152 -3248 0
w -4992 -3104 -5136 -3104 0
w -5136 -3104 -5136 -3168 0
w -4992 -3120 -5024 -3120 0
w -5024 -2944 -5024 -3120 0
w -4992 -3136 -5168 -3136 0
w -5168 -3136 -5168 -3200 0
w -4992 -3168 -5008 -3168 0
w -5008 -3168 -5008 -3296 0
w -4992 -3184 -5024 -3184 0
w -5024 -3184 -5024 -3376 0
w -4992 -3200 -5168 -3200 0
w -4992 -3264 -5040 -3264 0
w -5040 -3264 -5040 -3328 0
w -4992 -3248 -5152 -3248 0
w -4992 -3232 -5136 -3232 0
w -5136 -3168 -5136 -3232 0
w -4992 -3296 -5008 -3296 0
w -5008 -3296 -5008 -3408 0
w -4992 -3312 -5152 -3312 0
w -4992 -3328 -5040 -3328 0
w -4992 -3360 -5136 -3360 0
w -4992 -3376 -5024 -3376 0
w -4992 -3392 -5040 -3392 0
w -5040 -3328 -5040 -3392 0
w -4992 -3424 -5008 -3424 0
w -4992 -3440 -5024 -3440 0
w -4992 -3456 -5040 -3456 0
w -5024 -3440 -5024 -3376 0
w -5024 -3120 -5024 -3184 0
w -4896 -3440 -4800 -3440 0
w -4896 -3376 -4896 -3424 0
w -4896 -3424 -4800 -3424 0
w -4896 -3312 -4880 -3312 0
w -4880 -3312 -4880 -3408 0
w -4880 -3408 -4800 -3408 0
w -4896 -3248 -4864 -3248 0
w -4864 -3248 -4864 -3392 0
w -4864 -3392 -4800 -3392 0
w -4896 -3184 -4848 -3184 0
w -4848 -3376 -4848 -3184 0
w -4848 -3376 -4800 -3376 0
w -4896 -3120 -4832 -3120 0
w -4832 -3120 -4832 -3360 0
w -4832 -3360 -4800 -3360 0
w -4896 -3056 -4816 -3056 0
w -4816 -3056 -4816 -3344 0
w -4816 -3344 -4800 -3344 0
w -4896 -2992 -4800 -2992 0
w -4800 -2992 -4800 -3328 0
b -5223 -3592 -4721 -2846 0
x -5498 -3022 -5482 -3019 4 12 M0
x -5498 -3006 -5484 -3003 4 12 S2
x -5498 -2990 -5484 -2987 4 12 S1
x -5498 -2974 -5484 -2971 4 12 S0
x -5498 -2958 -5483 -2955 4 12 D2
x -5498 -2942 -5483 -2939 4 12 D1
x -5498 -2926 -5483 -2923 4 12 D0
x -5498 -3038 -5482 -3035 4 12 M1
L -5392 -2976 -5472 -2976 0 0 false 5 0
L -5392 -2992 -5472 -2992 0 0 false 5 0
L -5392 -3008 -5472 -3008 0 0 false 5 0
L -5392 -3024 -5472 -3024 0 0 false 5 0
L -5392 -3040 -5472 -3040 0 0 false 5 0
L -5392 -2928 -5472 -2928 0 0 false 5 0
L -5392 -2944 -5472 -2944 0 1 false 5 0
L -5392 -2960 -5472 -2960 0 1 false 5 0
w -4800 -4240 -4704 -4240 0
w -4800 -4224 -4704 -4224 0
w -4800 -4208 -4704 -4208 0
w -4800 -4192 -4704 -4192 0
w -4800 -4176 -4704 -4176 0
w -4800 -4160 -4704 -4160 0
w -4800 -4144 -4704 -4144 0
w -4800 -4128 -4704 -4128 0
w -5136 -3728 -5216 -3728 0
w -5152 -3744 -5216 -3744 0
w -5168 -3760 -5216 -3760 0
I -5104 -3744 -5040 -3744 0 0.5 5
I -5072 -3728 -5008 -3728 0 0.5 5
I -5120 -3760 -5056 -3760 0 0.5 5
150 -4992 -4176 -4896 -4176 0 3 0 5
150 -4992 -4240 -4896 -4240 0 3 5 5
150 -4992 -4112 -4896 -4112 0 3 0 5
150 -4992 -4048 -4896 -4048 0 3 0 5
150 -4992 -3984 -4896 -3984 0 3 0 5
150 -4992 -3920 -4896 -3920 0 3 0 5
150 -4992 -3856 -4896 -3856 0 3 0 5
150 -4992 -3792 -4896 -3792 0 3 0 5
w -5168 -3760 -5120 -3760 0
w -5072 -3728 -5136 -3728 0
w -5040 -3744 -5024 -3744 0
x -5213 -3763 -5191 -3760 4 18 S2
x -5211 -3744 -5189 -3741 4 18 S1
x -5211 -3730 -5189 -3727 4 18 S0
w -5168 -3760 -5168 -3808 0
w -5152 -3744 -5152 -3792 0
w -5152 -4048 -5152 -4112 0
w -5136 -3728 -5136 -3776 0
w -5136 -4032 -5136 -4160 0
w -5040 -3760 -5040 -4064 0
w -5040 -4192 -5040 -4256 0
w -5008 -3728 -5008 -3840 0
x -5089 -4285 -4868 -4282 4 24 3\sbit\sdecoder\s(3\sto\s8)
w -5008 -4208 -5008 -4224 0
w -5152 -3744 -5104 -3744 0
w -5056 -3760 -5040 -3760 0
w -4992 -3776 -5136 -3776 0
w -4992 -3792 -5152 -3792 0
w -4992 -3808 -5168 -3808 0
w -4992 -3840 -5008 -3840 0
w -5008 -3968 -5008 -3840 0
w -4992 -3856 -5152 -3856 0
w -5152 -3792 -5152 -3856 0
w -5136 -3776 -5136 -3904 0
w -4992 -3872 -5168 -3872 0
w -5168 -3808 -5168 -3872 0
w -5168 -3872 -5168 -3936 0
w -5152 -3856 -5152 -4048 0
w -4992 -3904 -5136 -3904 0
w -5136 -3904 -5136 -3968 0
w -4992 -3920 -5024 -3920 0
w -5024 -3744 -5024 -3920 0
w -4992 -3936 -5168 -3936 0
w -5168 -3936 -5168 -4000 0
w -4992 -3968 -5008 -3968 0
w -5008 -3968 -5008 -4096 0
w -4992 -3984 -5024 -3984 0
w -5024 -3984 -5024 -4176 0
w -4992 -4000 -5168 -4000 0
w -4992 -4064 -5040 -4064 0
w -5040 -4064 -5040 -4128 0
w -4992 -4048 -5152 -4048 0
w -4992 -4032 -5136 -4032 0
w -5136 -3968 -5136 -4032 0
w -4992 -4096 -5008 -4096 0
w -5008 -4096 -5008 -4208 0
w -4992 -4112 -5152 -4112 0
w -4992 -4128 -5040 -4128 0
w -4992 -4160 -5136 -4160 0
w -4992 -4176 -5024 -4176 0
w -4992 -4192 -5040 -4192 0
w -5040 -4128 -5040 -4192 0
w -4992 -4224 -5008 -4224 0
w -4992 -4240 -5024 -4240 0
w -4992 -4256 -5040 -4256 0
w -5024 -4240 -5024 -4176 0
w -5024 -3920 -5024 -3984 0
w -4896 -4240 -4800 -4240 0
w -4896 -4176 -4896 -4224 0
w -4896 -4224 -4800 -4224 0
w -4896 -4112 -4880 -4112 0
w -4880 -4112 -4880 -4208 0
w -4880 -4208 -4800 -4208 0
w -4896 -4048 -4864 -4048 0
w -4864 -4048 -4864 -4192 0
w -4864 -4192 -4800 -4192 0
w -4896 -3984 -4848 -3984 0
w -4848 -4176 -4848 -3984 0
w -4848 -4176 -4800 -4176 0
w -4896 -3920 -4832 -3920 0
w -4832 -3920 -4832 -4160 0
w -4832 -4160 -4800 -4160 0
w -4896 -3856 -4816 -3856 0
w -4816 -3856 -4816 -4144 0
w -4816 -4144 -4800 -4144 0
w -4896 -3792 -4800 -3792 0
w -4800 -3792 -4800 -4128 0
b -5223 -4392 -4721 -3646 0
w -5392 -2976 -5232 -2976 0
w -5232 -2976 -5232 -3728 0
w -5232 -3728 -5216 -3728 0
w -5392 -2992 -5248 -2992 0
w -5248 -2992 -5248 -3744 0
w -5248 -3744 -5216 -3744 0
w -5392 -3008 -5264 -3008 0
w -5264 -3008 -5264 -3760 0
w -5264 -3760 -5216 -3760 0
x -4710 -3349 -4661 -3346 4 12 OUTPUT
x -4710 -3333 -4660 -3330 4 12 UNUSED
w -4704 -3344 -4656 -3344 0
w -4704 -3328 -4656 -3328 0
w -4704 -4128 -4656 -4128 0
w -4704 -4144 -4656 -4144 0
x -4710 -4133 -4660 -4130 4 12 UNUSED
x -4710 -4149 -4674 -4146 4 12 INPUT
x -4711 -4247 -4675 -4244 4 12 REG\s0
x -4710 -4229 -4674 -4226 4 12 REG\s1
x -4710 -4213 -4674 -4210 4 12 REG\s2
x -4710 -4195 -4674 -4192 4 12 REG\s3
x -4710 -4181 -4674 -4178 4 12 REG\s4
x -4710 -4165 -4674 -4162 4 12 REG\s5
w -4704 -4240 -4656 -4240 0
w -4704 -4224 -4656 -4224 0
w -4704 -4208 -4656 -4208 0
w -4704 -4192 -4656 -4192 0
w -4704 -4176 -4656 -4176 0
w -4704 -4160 -4656 -4160 0
x -5096 -3535 -4856 -3532 4 48 Destination
x -5052 -4345 -4900 -4342 4 48 Source
L -5312 -1296 -5408 -1296 0 0 false 5 0
L -5312 -1280 -5408 -1280 0 0 false 5 0
L -5312 -1264 -5408 -1264 0 0 false 5 0
L -5312 -1376 -5408 -1376 0 0 false 5 0
L -5312 -1360 -5408 -1360 0 0 false 5 0
L -5312 -1344 -5408 -1344 0 0 false 5 0
L -5312 -1328 -5408 -1328 0 0 false 5 0
L -5312 -1312 -5408 -1312 0 0 false 5 0
x -5437 -1421 -5326 -1418 4 50 Input
x 3594 -1407 3744 -1404 4 50 Output
M 3584 -1264 3632 -1264 0 2.5
M 3584 -1280 3632 -1280 0 2.5
M 3584 -1296 3632 -1296 0 2.5
M 3584 -1312 3632 -1312 0 2.5
M 3584 -1328 3632 -1328 0 2.5
M 3584 -1344 3632 -1344 0 2.5
M 3584 -1360 3632 -1360 0 2.5
M 3584 -1376 3632 -1376 0 2.5
w -4288 -1376 -2992 -1376 0
w -4272 -1360 -2976 -1360 0
w -4288 -1648 -4288 -1376 0
w -4272 -1632 -4272 -1360 0
w -4256 -1616 -4256 -1344 0
w -4240 -1600 -4240 -1328 0
w -4224 -1584 -4224 -1312 0
w -4208 -1568 -4208 -1296 0
w -4192 -1552 -4192 -1280 0
w -4176 -1536 -4176 -1264 0
w -4288 -1376 -4896 -1376 0
w -4272 -1360 -4896 -1360 0
w -4256 -1344 -4896 -1344 0
w -4240 -1328 -4896 -1328 0
w -4224 -1312 -4896 -1312 0
w -4208 -1296 -4896 -1296 0
w -4192 -1280 -4896 -1280 0
w -4176 -1264 -4896 -1264 0
w -2992 -1648 -2992 -1376 0
w -2976 -1632 -2976 -1360 0
w -4256 -1344 -2960 -1344 0
w -4240 -1328 -2944 -1328 0
w -4224 -1312 -2928 -1312 0
w -4208 -1296 -2912 -1296 0
w -4192 -1280 -2896 -1280 0
w -4176 -1264 -2880 -1264 0
w -2960 -1616 -2960 -1344 0
w -2944 -1328 -2944 -1600 0
w -2928 -1584 -2928 -1312 0
w -2912 -1296 -2912 -1568 0
w -2896 -1552 -2896 -1280 0
w -2880 -1264 -2880 -1536 0
w -2992 -1376 -1808 -1376 0
w -2976 -1360 -1792 -1360 0
w -2960 -1344 -1776 -1344 0
w -2944 -1328 -1760 -1328 0
w -2928 -1312 -1744 -1312 0
w -2912 -1296 -1728 -1296 0
w -2896 -1280 -1712 -1280 0
w -2880 -1264 -1696 -1264 0
180 -5184 -1264 -5120 -1264 4 0.1 10000000000 100000000 5
x -5306 -1511 -5267 -1508 4 18 Gate
180 -5168 -1296 -5104 -1296 4 0.1 10000000000 100000000 5
180 -5152 -1328 -5088 -1328 4 0.1 10000000000 100000000 5
180 -5136 -1360 -5072 -1360 4 0.1 10000000000 100000000 5
180 -5104 -1424 -5040 -1424 4 0.1 10000000000 100000000 5
180 -5088 -1456 -5024 -1456 4 0.1 10000000000 100000000 5
x -5044 -1502 -5029 -1499 4 10 Buf
x -5220 -1538 -4986 -1535 4 28 Switch\s8\sbit\s(SWC)
w -5312 -1504 -5184 -1504 0
w -5312 -1264 -5296 -1264 0
w -5312 -1280 -5296 -1280 0
w -5312 -1296 -5296 -1296 0
w -5312 -1312 -5296 -1312 0
w -5312 -1328 -5296 -1328 0
w -5312 -1344 -5296 -1344 0
w -5312 -1360 -5296 -1360 0
w -5312 -1376 -5296 -1376 0
x -5173 -1514 -5060 -1511 4 16 (Tri-state\sbuffer)
w -4928 -1264 -4896 -1264 0
w -4928 -1280 -4896 -1280 0
w -4928 -1296 -4896 -1296 0
w -4928 -1312 -4896 -1312 0
w -4928 -1328 -4896 -1328 0
w -4928 -1344 -4896 -1344 0
w -4928 -1360 -4896 -1360 0
w -4928 -1376 -4896 -1376 0
180 -5120 -1392 -5056 -1392 4 0.1 10000000000 100000000 5
w -5184 -1280 -5136 -1280 0
w -5120 -1264 -4928 -1264 0
w -5104 -1296 -5104 -1280 0
w -5104 -1280 -4928 -1280 0
w -5088 -1328 -5088 -1296 0
w -5088 -1296 -4928 -1296 0
w -5072 -1360 -5072 -1312 0
w -5072 -1312 -4928 -1312 0
w -5056 -1392 -5056 -1328 0
w -5056 -1328 -4928 -1328 0
w -5040 -1424 -5040 -1344 0
w -5040 -1344 -4928 -1344 0
w -5024 -1456 -5024 -1360 0
w -5024 -1360 -4928 -1360 0
180 -5072 -1488 -5008 -1488 4 0.1 10000000000 100000000 5
w -5008 -1488 -5008 -1376 0
w -5008 -1376 -4928 -1376 0
w -5072 -1488 -5296 -1488 0
w -5296 -1488 -5296 -1376 0
w -5296 -1360 -5280 -1360 0
w -5280 -1360 -5280 -1456 0
w -5088 -1456 -5280 -1456 0
w -5104 -1424 -5264 -1424 0
w -5264 -1424 -5264 -1344 0
w -5296 -1344 -5264 -1344 0
w -5296 -1328 -5248 -1328 0
w -5120 -1392 -5248 -1392 0
w -5248 -1392 -5248 -1328 0
w -5296 -1264 -5184 -1264 0
w -5296 -1312 -5232 -1312 0
w -5136 -1360 -5232 -1360 0
w -5232 -1360 -5232 -1312 0
w -5152 -1328 -5216 -1328 0
w -5296 -1296 -5216 -1296 0
w -5216 -1328 -5216 -1296 0
w -5168 -1296 -5200 -1296 0
w -5200 -1296 -5200 -1280 0
w -5296 -1280 -5200 -1280 0
w -5184 -1312 -5120 -1312 0
w -5184 -1344 -5104 -1344 0
w -5184 -1376 -5088 -1376 0
w -5184 -1408 -5072 -1408 0
w -5184 -1440 -5056 -1440 0
w -5184 -1472 -5040 -1472 0
w -5152 -1248 -5184 -1248 0
w -5184 -1248 -5184 -1280 0
w -5184 -1280 -5184 -1312 0
w -5184 -1312 -5184 -1344 0
w -5184 -1344 -5184 -1376 0
w -5184 -1376 -5184 -1408 0
w -5184 -1408 -5184 -1440 0
w -5184 -1440 -5184 -1472 0
w -5184 -1504 -5184 -1472 0
180 3296 -1264 3360 -1264 4 0.1 10000000000 100000000 5
x 3174 -1511 3213 -1508 4 18 Gate
180 3312 -1296 3376 -1296 4 0.1 10000000000 100000000 5
180 3328 -1328 3392 -1328 4 0.1 10000000000 100000000 5
180 3344 -1360 3408 -1360 4 0.1 10000000000 100000000 5
180 3376 -1424 3440 -1424 4 0.1 10000000000 100000000 5
180 3392 -1456 3456 -1456 4 0.1 10000000000 100000000 5
x 3436 -1502 3451 -1499 4 10 Buf
x 3261 -1533 3495 -1530 4 28 Switch\s8\sbit\s(SWC)
w 3168 -1504 3296 -1504 0
w 3168 -1264 3184 -1264 0
w 3168 -1280 3184 -1280 0
w 3168 -1296 3184 -1296 0
w 3168 -1312 3184 -1312 0
w 3168 -1328 3184 -1328 0
w 3168 -1344 3184 -1344 0
w 3168 -1360 3184 -1360 0
w 3168 -1376 3184 -1376 0
x 3307 -1514 3420 -1511 4 16 (Tri-state\sbuffer)
w 3552 -1264 3584 -1264 0
w 3552 -1280 3584 -1280 0
w 3552 -1296 3584 -1296 0
w 3552 -1312 3584 -1312 0
w 3552 -1328 3584 -1328 0
w 3552 -1344 3584 -1344 0
w 3552 -1360 3584 -1360 0
w 3552 -1376 3584 -1376 0
180 3360 -1392 3424 -1392 4 0.1 10000000000 100000000 5
w 3296 -1280 3344 -1280 0
w 3360 -1264 3552 -1264 0
w 3376 -1296 3376 -1280 0
w 3376 -1280 3552 -1280 0
w 3392 -1328 3392 -1296 0
w 3392 -1296 3552 -1296 0
w 3408 -1360 3408 -1312 0
w 3408 -1312 3552 -1312 0
w 3424 -1392 3424 -1328 0
w 3424 -1328 3552 -1328 0
w 3440 -1424 3440 -1344 0
w 3440 -1344 3552 -1344 0
w 3456 -1456 3456 -1360 0
w 3456 -1360 3552 -1360 0
180 3408 -1488 3472 -1488 4 0.1 10000000000 100000000 5
w 3472 -1488 3472 -1376 0
w 3472 -1376 3552 -1376 0
w 3408 -1488 3184 -1488 0
w 3184 -1488 3184 -1376 0
w 3184 -1360 3200 -1360 0
w 3200 -1360 3200 -1456 0
w 3392 -1456 3200 -1456 0
w 3376 -1424 3216 -1424 0
w 3216 -1424 3216 -1344 0
w 3184 -1344 3216 -1344 0
w 3184 -1328 3232 -1328 0
w 3360 -1392 3232 -1392 0
w 3232 -1392 3232 -1328 0
w 3184 -1264 3296 -1264 0
w 3184 -1312 3248 -1312 0
w 3344 -1360 3248 -1360 0
w 3248 -1360 3248 -1312 0
w 3328 -1328 3264 -1328 0
w 3184 -1296 3264 -1296 0
w 3264 -1328 3264 -1296 0
w 3312 -1296 3280 -1296 0
w 3280 -1296 3280 -1280 0
w 3184 -1280 3280 -1280 0
w 3296 -1312 3360 -1312 0
w 3296 -1344 3376 -1344 0
w 3296 -1376 3392 -1376 0
w 3296 -1408 3408 -1408 0
w 3296 -1440 3424 -1440 0
w 3296 -1472 3440 -1472 0
w 3328 -1248 3296 -1248 0
w 3296 -1248 3296 -1280 0
w 3296 -1280 3296 -1312 0
w 3296 -1312 3296 -1344 0
w 3296 -1344 3296 -1376 0
w 3296 -1376 3296 -1408 0
w 3296 -1408 3296 -1440 0
w 3296 -1440 3296 -1472 0
w 3296 -1504 3296 -1472 0
b 3163 -1557 3579 -1241 0
b -5312 -1568 -4917 -1238 0
w -1808 -1648 -1808 -1376 0
w -1792 -1632 -1792 -1360 0
w -1776 -1616 -1776 -1344 0
w -1760 -1328 -1760 -1600 0
w -1744 -1584 -1744 -1312 0
w -1728 -1568 -1728 -1296 0
w -1712 -1552 -1712 -1280 0
w -1696 -1536 -1696 -1264 0
w -3888 -1536 -4176 -1536 0
w -2608 -1536 -2880 -1536 0
w -1424 -1536 -1696 -1536 0
w -4192 -1552 -3888 -1552 0
w -4208 -1568 -3888 -1568 0
w -4224 -1584 -3888 -1584 0
w -4240 -1600 -3888 -1600 0
w -4256 -1616 -3888 -1616 0
w -4272 -1632 -3888 -1632 0
w -4288 -1648 -3888 -1648 0
w -3216 -1648 -2992 -1648 0
w -3216 -1632 -2976 -1632 0
w -3216 -1616 -2960 -1616 0
w -3216 -1600 -2944 -1600 0
w -3216 -1584 -2928 -1584 0
w -3216 -1568 -2912 -1568 0
w -3216 -1552 -2896 -1552 0
w -3216 -1536 -2880 -1536 0
w -2896 -1552 -2608 -1552 0
w -2912 -1568 -2608 -1568 0
w -2928 -1584 -2608 -1584 0
w -2944 -1600 -2608 -1600 0
w -2960 -1616 -2608 -1616 0
w -2976 -1632 -2608 -1632 0
w -2992 -1648 -2608 -1648 0
w -240 -1536 -496 -1536 0
w -496 -1536 -496 -1264 0
w -512 -1552 -512 -1280 0
w -528 -1568 -528 -1296 0
w -544 -1584 -544 -1312 0
w -560 -1328 -560 -1600 0
w -576 -1616 -576 -1344 0
w -592 -1632 -592 -1360 0
w -608 -1648 -608 -1376 0
w -1696 -1264 -496 -1264 0
w -1712 -1280 -512 -1280 0
w -1728 -1296 -528 -1296 0
w -1744 -1312 -544 -1312 0
w -1760 -1328 -560 -1328 0
w -1776 -1344 -576 -1344 0
w -1792 -1360 -592 -1360 0
w -1808 -1376 -608 -1376 0
w 960 -1536 704 -1536 0
w 704 -1536 704 -1264 0
w 688 -1552 688 -1280 0
w 672 -1568 672 -1296 0
w 656 -1584 656 -1312 0
w 640 -1328 640 -1600 0
w 624 -1616 624 -1344 0
w 608 -1632 608 -1360 0
w 592 -1648 592 -1376 0
w -496 -1264 704 -1264 0
w -512 -1280 688 -1280 0
w -528 -1296 672 -1296 0
w -544 -1312 656 -1312 0
w -560 -1328 640 -1328 0
w -576 -1344 624 -1344 0
w -592 -1360 608 -1360 0
w -608 -1376 592 -1376 0
w 2144 -1536 1888 -1536 0
w 1888 -1536 1888 -1264 0
w 1872 -1552 1872 -1280 0
w 1856 -1568 1856 -1296 0
w 1840 -1584 1840 -1312 0
w 1824 -1328 1824 -1600 0
w 1808 -1616 1808 -1344 0
w 1792 -1632 1792 -1360 0
w 1776 -1648 1776 -1376 0
w 704 -1264 1888 -1264 0
w 688 -1280 1872 -1280 0
w 672 -1296 1856 -1296 0
w 656 -1312 1840 -1312 0
w 640 -1328 1824 -1328 0
w 624 -1344 1808 -1344 0
w 608 -1360 1792 -1360 0
w 592 -1376 1776 -1376 0
w -1696 -1536 -1936 -1536 0
w -1936 -1552 -1712 -1552 0
w -1712 -1552 -1424 -1552 0
w -1424 -1568 -1728 -1568 0
w -1728 -1568 -1936 -1568 0
w -1936 -1584 -1744 -1584 0
w -1744 -1584 -1424 -1584 0
w -1424 -1600 -1760 -1600 0
w -1760 -1600 -1936 -1600 0
w -1936 -1616 -1776 -1616 0
w -1776 -1616 -1424 -1616 0
w -1424 -1632 -1792 -1632 0
w -1792 -1632 -1936 -1632 0
w -1936 -1648 -1808 -1648 0
w -1808 -1648 -1424 -1648 0
w -496 -1536 -752 -1536 0
w -752 -1552 -512 -1552 0
w -512 -1552 -240 -1552 0
w -240 -1568 -528 -1568 0
w -528 -1568 -752 -1568 0
w -752 -1584 -544 -1584 0
w -544 -1584 -240 -1584 0
w -240 -1600 -560 -1600 0
w -560 -1600 -752 -1600 0
w -752 -1616 -576 -1616 0
w -576 -1616 -240 -1616 0
w -240 -1632 -592 -1632 0
w -592 -1632 -752 -1632 0
w -752 -1648 -608 -1648 0
w -608 -1648 -240 -1648 0
w 704 -1536 432 -1536 0
w 432 -1552 688 -1552 0
w 688 -1552 960 -1552 0
w 960 -1568 672 -1568 0
w 672 -1568 432 -1568 0
w 432 -1584 656 -1584 0
w 656 -1584 960 -1584 0
w 960 -1600 640 -1600 0
w 640 -1600 432 -1600 0
w 432 -1616 624 -1616 0
w 624 -1616 960 -1616 0
w 960 -1632 608 -1632 0
w 608 -1632 432 -1632 0
w 432 -1648 592 -1648 0
w 592 -1648 960 -1648 0
w 1888 -1536 1632 -1536 0
w 1632 -1552 1872 -1552 0
w 1872 -1552 2144 -1552 0
w 2144 -1568 1856 -1568 0
w 1856 -1568 1632 -1568 0
w 1632 -1584 1840 -1584 0
w 1840 -1584 2144 -1584 0
w 2144 -1600 1824 -1600 0
w 1776 -1648 1632 -1648 0
w 1632 -1632 1792 -1632 0
w 1792 -1632 2144 -1632 0
w 2144 -1648 1776 -1648 0
w 1808 -1616 1632 -1616 0
w 1632 -1600 1824 -1600 0
w 1808 -1616 2144 -1616 0
w 1776 -1376 2944 -1376 0
w 2944 -1376 2944 -1648 0
w 2816 -1648 2944 -1648 0
w 2816 -1632 2960 -1632 0
w 2816 -1616 2976 -1616 0
w 2816 -1600 2992 -1600 0
w 2816 -1584 3008 -1584 0
w 2816 -1568 3024 -1568 0
w 2816 -1552 3040 -1552 0
w 2816 -1536 3056 -1536 0
w 1792 -1360 2960 -1360 0
w 2960 -1632 2960 -1360 0
w 1808 -1344 2976 -1344 0
w 2976 -1616 2976 -1344 0
w 1824 -1328 2992 -1328 0
w 2992 -1600 2992 -1328 0
w 1840 -1312 3008 -1312 0
w 3008 -1584 3008 -1312 0
w 1856 -1296 3024 -1296 0
w 3024 -1568 3024 -1296 0
w 1872 -1280 3040 -1280 0
w 3040 -1552 3040 -1280 0
w 1888 -1264 3056 -1264 0
w 3056 -1536 3056 -1264 0
w 2944 -1376 3168 -1376 0
w 3168 -1360 2960 -1360 0
w 2976 -1344 3168 -1344 0
w 3168 -1328 2992 -1328 0
w 3008 -1312 3168 -1312 0
w 3168 -1296 3024 -1296 0
w 3040 -1280 3168 -1280 0
w 3168 -1264 3056 -1264 0
w -4656 -4144 -4624 -4144 0
w -4624 -4144 -4608 -1648 0
w -4608 -1648 -5328 -1648 0
w -5328 -1648 -5328 -1504 0
w -5328 -1504 -5312 -1504 0
x -4657 -1390 -4600 -1387 4 28 BUS
x -4784 -3469 -4650 -3466 4 18 CS\s(Chip\sSelect)
x -4788 -4275 -4654 -4272 4 18 CS\s(Chip\sSelect)
x -3614 -2592 -3506 -2589 4 36 REG\s0
150 -3696 -2448 -3616 -2448 0 2 0 5
w -3856 -2432 -3696 -2432 0
x -3892 -2472 -3854 -2469 4 24 WE
155 -3520 -2432 -3472 -2432 0 0
w -3696 -2464 -3744 -2464 0
152 -3616 -2432 -3520 -2432 0 2 0 5
150 -3696 -2384 -3616 -2384 0 2 0 5
w -3888 -2464 -3744 -2464 0
w -3744 -2464 -3744 -2400 0
I -3744 -2400 -3696 -2400 0 0.5 5
w -3424 -2432 -3408 -2432 0
w -3408 -2432 -3408 -2352 0
w -3408 -2352 -3696 -2352 0
w -3696 -2368 -3696 -2352 0
w -3616 -2416 -3616 -2384 0
180 -3392 -2432 -3328 -2432 4 0.1 10000000000 100000000 5
w -3232 -2432 -3328 -2432 0
w -3344 -2512 -3904 -2512 0
R -5472 -2624 -5520 -2624 1 2 100 2.5 2.5 0 0.5
x -3894 -2591 -3742 -2588 4 18 CLOCK\s(next\sstep)
x -3636 -2491 -3551 -2473 4 12 MUX\s2\sto\s1\\n(CMOS-логика)
w -3520 -2400 -3520 -2576 0
w -3520 -2576 -3904 -2576 0
x -3506 -2477 -3448 -2474 4 12 D\sFlip-Flop
x -3505 -2492 -3448 -2489 4 12 D-TRIGER
x -3892 -2524 -3858 -2521 4 24 RD
w -3408 -2432 -3392 -2432 0
155 -3520 -2304 -3472 -2304 0 0
w -3520 -2400 -3520 -2272 0
w -3424 -2304 -3408 -2304 0
w -3408 -2304 -3408 -2224 0
w -3408 -2224 -3696 -2224 0
w -3616 -2288 -3616 -2256 0
w -3696 -2240 -3696 -2224 0
I -3744 -2272 -3696 -2272 0 0.5 5
150 -3696 -2256 -3616 -2256 0 2 0 5
152 -3616 -2304 -3520 -2304 0 2 0 5
w -3696 -2336 -3744 -2336 0
w -3840 -2304 -3696 -2304 0
150 -3696 -2320 -3616 -2320 0 2 0 5
w -3744 -2400 -3744 -2336 0
w -3744 -2336 -3744 -2272 0
180 -3392 -2304 -3328 -2304 4 0.1 10000000000 100000000 5
w -3328 -2304 -3248 -2304 0
w -3392 -2304 -3408 -2304 0
w -3344 -2512 -3344 -2416 0
w -3344 -2416 -3360 -2416 0
w -3344 -2416 -3344 -2288 0
w -3344 -2288 -3360 -2288 0
w -3344 -2160 -3360 -2160 0
w -3344 -2288 -3344 -2160 0
w -3392 -2176 -3408 -2176 0
w -3328 -2176 -3264 -2176 0
180 -3392 -2176 -3328 -2176 4 0.1 10000000000 100000000 5
w -3744 -2208 -3744 -2144 0
w -3744 -2272 -3744 -2208 0
150 -3696 -2192 -3616 -2192 0 2 0 5
w -3824 -2176 -3696 -2176 0
w -3696 -2208 -3744 -2208 0
152 -3616 -2176 -3520 -2176 0 2 0 5
150 -3696 -2128 -3616 -2128 0 2 0 5
I -3744 -2144 -3696 -2144 0 0.5 5
w -3696 -2112 -3696 -2096 0
w -3616 -2160 -3616 -2128 0
w -3408 -2096 -3696 -2096 0
w -3408 -2176 -3408 -2096 0
w -3424 -2176 -3408 -2176 0
w -3520 -2272 -3520 -2144 0
155 -3520 -2176 -3472 -2176 0 0
w -3344 -2032 -3360 -2032 0
w -3344 -2160 -3344 -2032 0
w -3392 -2048 -3408 -2048 0
w -3328 -2048 -3280 -2048 0
180 -3392 -2048 -3328 -2048 4 0.1 10000000000 100000000 5
w -3744 -2080 -3744 -2016 0
w -3744 -2144 -3744 -2080 0
150 -3696 -2064 -3616 -2064 0 2 0 5
w -3808 -2048 -3696 -2048 0
w -3696 -2080 -3744 -2080 0
152 -3616 -2048 -3520 -2048 0 2 0 5
150 -3696 -2000 -3616 -2000 0 2 0 5
I -3744 -2016 -3696 -2016 0 0.5 5
w -3696 -1984 -3696 -1968 0
w -3616 -2032 -3616 -2000 0
w -3408 -1968 -3696 -1968 0
w -3408 -2048 -3408 -1968 0
w -3424 -2048 -3408 -2048 0
w -3520 -2144 -3520 -2016 0
155 -3520 -2048 -3472 -2048 0 0
w -3344 -1904 -3360 -1904 0
w -3344 -2032 -3344 -1904 0
w -3392 -1920 -3408 -1920 0
w -3328 -1920 -3296 -1920 0
180 -3392 -1920 -3328 -1920 4 0.1 10000000000 100000000 5
w -3744 -1952 -3744 -1888 0
w -3744 -2016 -3744 -1952 0
150 -3696 -1936 -3616 -1936 0 2 0 5
w -3792 -1920 -3696 -1920 0
w -3696 -1952 -3744 -1952 0
152 -3616 -1920 -3520 -1920 0 2 0 5
150 -3696 -1872 -3616 -1872 0 2 0 5
I -3744 -1888 -3696 -1888 0 0.5 5
w -3696 -1856 -3696 -1840 0
w -3616 -1904 -3616 -1872 0
w -3408 -1840 -3696 -1840 0
w -3408 -1920 -3408 -1840 0
w -3424 -1920 -3408 -1920 0
w -3520 -2016 -3520 -1888 0
155 -3520 -1920 -3472 -1920 0 0
w -3344 -1776 -3360 -1776 0
w -3344 -1904 -3344 -1776 0
w -3392 -1792 -3408 -1792 0
w -3328 -1792 -3312 -1792 0
180 -3392 -1792 -3328 -1792 4 0.1 10000000000 100000000 5
w -3744 -1824 -3744 -1760 0
w -3744 -1888 -3744 -1824 0
150 -3696 -1808 -3616 -1808 0 2 0 5
w -3776 -1792 -3696 -1792 0
w -3696 -1824 -3744 -1824 0
152 -3616 -1792 -3520 -1792 0 2 5 5
150 -3696 -1744 -3616 -1744 0 2 5 5
I -3744 -1760 -3696 -1760 0 0.5 5
w -3696 -1728 -3696 -1712 0
w -3616 -1776 -3616 -1744 0
w -3408 -1712 -3696 -1712 0
w -3408 -1792 -3408 -1712 0
w -3424 -1792 -3408 -1792 0
w -3520 -1888 -3520 -1760 0
155 -3520 -1792 -3472 -1792 0 5
w -3344 -1648 -3360 -1648 0
w -3344 -1776 -3344 -1648 0
w -3392 -1664 -3408 -1664 0
w -3328 -1664 -3328 -1552 0
180 -3392 -1664 -3328 -1664 4 0.1 10000000000 100000000 5
w -3744 -1696 -3744 -1632 0
w -3744 -1760 -3744 -1696 0
150 -3696 -1680 -3616 -1680 0 2 0 5
w -3760 -1664 -3696 -1664 0
w -3696 -1696 -3744 -1696 0
152 -3616 -1664 -3520 -1664 0 2 5 5
150 -3696 -1616 -3616 -1616 0 2 5 5
I -3744 -1632 -3696 -1632 0 0.5 5
w -3696 -1600 -3696 -1584 0
w -3616 -1648 -3616 -1616 0
w -3408 -1584 -3696 -1584 0
w -3408 -1664 -3408 -1584 0
w -3424 -1664 -3408 -1664 0
w -3520 -1760 -3520 -1632 0
155 -3520 -1664 -3472 -1664 0 5
w -3344 -1520 -3360 -1520 0
w -3344 -1648 -3344 -1520 0
w -3392 -1536 -3408 -1536 0
w -3328 -1536 -3216 -1536 0
180 -3392 -1536 -3328 -1536 4 0.1 10000000000 100000000 5
w -3744 -1568 -3744 -1504 0
w -3744 -1632 -3744 -1568 0
150 -3696 -1552 -3616 -1552 0 2 0 5
w -3760 -1536 -3696 -1536 0
w -3696 -1568 -3744 -1568 0
152 -3616 -1536 -3520 -1536 0 2 5 5
150 -3696 -1488 -3616 -1488 0 2 5 5
I -3744 -1504 -3696 -1504 0 0.5 5
w -3696 -1472 -3696 -1456 0
w -3616 -1520 -3616 -1488 0
w -3408 -1456 -3696 -1456 0
w -3408 -1536 -3408 -1456 0
w -3424 -1536 -3408 -1536 0
w -3520 -1632 -3520 -1504 0
155 -3520 -1536 -3472 -1536 0 5
w -3328 -1552 -3216 -1552 0
w -3312 -1792 -3312 -1568 0
w -3312 -1568 -3216 -1568 0
w -3296 -1920 -3296 -1584 0
w -3296 -1584 -3216 -1584 0
w -3280 -2048 -3280 -1600 0
w -3280 -1600 -3216 -1600 0
w -3264 -2176 -3264 -1616 0
w -3264 -1616 -3216 -1616 0
w -3248 -2304 -3248 -1632 0
w -3248 -1632 -3216 -1632 0
w -3232 -2432 -3232 -1648 0
w -3232 -1648 -3216 -1648 0
w -3888 -1536 -3760 -1536 0
w -3760 -1664 -3760 -1552 0
w -3760 -1552 -3888 -1552 0
w -3776 -1792 -3776 -1568 0
w -3776 -1568 -3888 -1568 0
w -3792 -1920 -3792 -1584 0
w -3792 -1584 -3888 -1584 0
w -3808 -2048 -3808 -1600 0
w -3808 -1600 -3888 -1600 0
w -3824 -2176 -3824 -1616 0
w -3824 -1616 -3888 -1616 0
w -3840 -2304 -3840 -1632 0
w -3840 -1632 -3888 -1632 0
w -3856 -2432 -3856 -1648 0
w -3856 -1648 -3888 -1648 0
x -3308 -1508 -3236 -1505 4 24 Output
x -3859 -1509 -3789 -1506 4 24 DataIn
b -3205 -1432 -3898 -2626 0
b -1925 -1432 -2618 -2626 0
x -2579 -1509 -2509 -1506 4 24 DataIn
x -2028 -1508 -1956 -1505 4 24 Output
w -2576 -1648 -2608 -1648 0
w -2576 -2432 -2576 -1648 0
w -2560 -1632 -2608 -1632 0
w -2560 -2304 -2560 -1632 0
w -2544 -1616 -2608 -1616 0
w -2544 -2176 -2544 -1616 0
w -2528 -1600 -2608 -1600 0
w -2528 -2048 -2528 -1600 0
w -2512 -1584 -2608 -1584 0
w -2512 -1920 -2512 -1584 0
w -2496 -1568 -2608 -1568 0
w -2496 -1792 -2496 -1568 0
w -2480 -1552 -2608 -1552 0
w -2480 -1664 -2480 -1552 0
w -2608 -1536 -2480 -1536 0
w -1952 -1648 -1936 -1648 0
w -1952 -2432 -1952 -1648 0
w -1968 -1632 -1936 -1632 0
w -1968 -2304 -1968 -1632 0
w -1984 -1616 -1936 -1616 0
w -1984 -2176 -1984 -1616 0
w -2000 -1600 -1936 -1600 0
w -2000 -2048 -2000 -1600 0
w -2016 -1584 -1936 -1584 0
w -2016 -1920 -2016 -1584 0
w -2032 -1568 -1936 -1568 0
w -2032 -1792 -2032 -1568 0
w -2048 -1552 -1936 -1552 0
155 -2240 -1536 -2192 -1536 0 0
w -2240 -1632 -2240 -1504 0
w -2144 -1536 -2128 -1536 0
w -2128 -1536 -2128 -1456 0
w -2128 -1456 -2416 -1456 0
w -2336 -1520 -2336 -1488 0
w -2416 -1472 -2416 -1456 0
I -2464 -1504 -2416 -1504 0 0.5 5
150 -2416 -1488 -2336 -1488 0 2 0 5
152 -2336 -1536 -2240 -1536 0 2 0 5
w -2416 -1568 -2464 -1568 0
w -2480 -1536 -2416 -1536 0
150 -2416 -1552 -2336 -1552 0 2 0 5
w -2464 -1632 -2464 -1568 0
w -2464 -1568 -2464 -1504 0
180 -2112 -1536 -2048 -1536 4 0.1 10000000000 100000000 5
w -2048 -1536 -1936 -1536 0
w -2112 -1536 -2128 -1536 0
w -2064 -1648 -2064 -1520 0
w -2064 -1520 -2080 -1520 0
155 -2240 -1664 -2192 -1664 0 0
w -2240 -1760 -2240 -1632 0
w -2144 -1664 -2128 -1664 0
w -2128 -1664 -2128 -1584 0
w -2128 -1584 -2416 -1584 0
w -2336 -1648 -2336 -1616 0
w -2416 -1600 -2416 -1584 0
I -2464 -1632 -2416 -1632 0 0.5 5
150 -2416 -1616 -2336 -1616 0 2 0 5
152 -2336 -1664 -2240 -1664 0 2 0 5
w -2416 -1696 -2464 -1696 0
w -2480 -1664 -2416 -1664 0
150 -2416 -1680 -2336 -1680 0 2 0 5
w -2464 -1760 -2464 -1696 0
w -2464 -1696 -2464 -1632 0
180 -2112 -1664 -2048 -1664 4 0.1 10000000000 100000000 5
w -2048 -1664 -2048 -1552 0
w -2112 -1664 -2128 -1664 0
w -2064 -1776 -2064 -1648 0
w -2064 -1648 -2080 -1648 0
155 -2240 -1792 -2192 -1792 0 0
w -2240 -1888 -2240 -1760 0
w -2144 -1792 -2128 -1792 0
w -2128 -1792 -2128 -1712 0
w -2128 -1712 -2416 -1712 0
w -2336 -1776 -2336 -1744 0
w -2416 -1728 -2416 -1712 0
I -2464 -1760 -2416 -1760 0 0.5 5
150 -2416 -1744 -2336 -1744 0 2 0 5
152 -2336 -1792 -2240 -1792 0 2 0 5
w -2416 -1824 -2464 -1824 0
w -2496 -1792 -2416 -1792 0
150 -2416 -1808 -2336 -1808 0 2 0 5
w -2464 -1888 -2464 -1824 0
w -2464 -1824 -2464 -1760 0
180 -2112 -1792 -2048 -1792 4 0.1 10000000000 100000000 5
w -2048 -1792 -2032 -1792 0
w -2112 -1792 -2128 -1792 0
w -2064 -1904 -2064 -1776 0
w -2064 -1776 -2080 -1776 0
155 -2240 -1920 -2192 -1920 0 0
w -2240 -2016 -2240 -1888 0
w -2144 -1920 -2128 -1920 0
w -2128 -1920 -2128 -1840 0
w -2128 -1840 -2416 -1840 0
w -2336 -1904 -2336 -1872 0
w -2416 -1856 -2416 -1840 0
I -2464 -1888 -2416 -1888 0 0.5 5
150 -2416 -1872 -2336 -1872 0 2 0 5
152 -2336 -1920 -2240 -1920 0 2 0 5
w -2416 -1952 -2464 -1952 0
w -2512 -1920 -2416 -1920 0
150 -2416 -1936 -2336 -1936 0 2 0 5
w -2464 -2016 -2464 -1952 0
w -2464 -1952 -2464 -1888 0
180 -2112 -1920 -2048 -1920 4 0.1 10000000000 100000000 5
w -2048 -1920 -2016 -1920 0
w -2112 -1920 -2128 -1920 0
w -2064 -2032 -2064 -1904 0
w -2064 -1904 -2080 -1904 0
155 -2240 -2048 -2192 -2048 0 0
w -2240 -2144 -2240 -2016 0
w -2144 -2048 -2128 -2048 0
w -2128 -2048 -2128 -1968 0
w -2128 -1968 -2416 -1968 0
w -2336 -2032 -2336 -2000 0
w -2416 -1984 -2416 -1968 0
I -2464 -2016 -2416 -2016 0 0.5 5
150 -2416 -2000 -2336 -2000 0 2 0 5
152 -2336 -2048 -2240 -2048 0 2 0 5
w -2416 -2080 -2464 -2080 0
w -2528 -2048 -2416 -2048 0
150 -2416 -2064 -2336 -2064 0 2 0 5
w -2464 -2144 -2464 -2080 0
w -2464 -2080 -2464 -2016 0
180 -2112 -2048 -2048 -2048 4 0.1 10000000000 100000000 5
w -2048 -2048 -2000 -2048 0
w -2112 -2048 -2128 -2048 0
w -2064 -2160 -2064 -2032 0
w -2064 -2032 -2080 -2032 0
155 -2240 -2176 -2192 -2176 0 0
w -2240 -2272 -2240 -2144 0
w -2144 -2176 -2128 -2176 0
w -2128 -2176 -2128 -2096 0
w -2128 -2096 -2416 -2096 0
w -2336 -2160 -2336 -2128 0
w -2416 -2112 -2416 -2096 0
I -2464 -2144 -2416 -2144 0 0.5 5
150 -2416 -2128 -2336 -2128 0 2 0 5
152 -2336 -2176 -2240 -2176 0 2 0 5
w -2416 -2208 -2464 -2208 0
w -2544 -2176 -2416 -2176 0
150 -2416 -2192 -2336 -2192 0 2 0 5
w -2464 -2272 -2464 -2208 0
w -2464 -2208 -2464 -2144 0
180 -2112 -2176 -2048 -2176 4 0.1 10000000000 100000000 5
w -2048 -2176 -1984 -2176 0
w -2112 -2176 -2128 -2176 0
w -2064 -2288 -2064 -2160 0
w -2064 -2160 -2080 -2160 0
w -2064 -2288 -2080 -2288 0
w -2064 -2416 -2064 -2288 0
w -2064 -2416 -2080 -2416 0
w -2064 -2512 -2064 -2416 0
w -2112 -2304 -2128 -2304 0
w -2048 -2304 -1968 -2304 0
180 -2112 -2304 -2048 -2304 4 0.1 10000000000 100000000 5
w -2464 -2336 -2464 -2272 0
w -2464 -2400 -2464 -2336 0
150 -2416 -2320 -2336 -2320 0 2 0 5
w -2560 -2304 -2416 -2304 0
w -2416 -2336 -2464 -2336 0
152 -2336 -2304 -2240 -2304 0 2 0 5
150 -2416 -2256 -2336 -2256 0 2 0 5
I -2464 -2272 -2416 -2272 0 0.5 5
w -2416 -2240 -2416 -2224 0
w -2336 -2288 -2336 -2256 0
w -2128 -2224 -2416 -2224 0
w -2128 -2304 -2128 -2224 0
w -2144 -2304 -2128 -2304 0
w -2240 -2400 -2240 -2272 0
155 -2240 -2304 -2192 -2304 0 0
w -2128 -2432 -2112 -2432 0
x -2225 -2492 -2168 -2489 4 12 D-TRIGER
x -2226 -2477 -2168 -2474 4 12 D\sFlip-Flop
w -2240 -2576 -2624 -2576 0
w -2240 -2400 -2240 -2576 0
x -2356 -2491 -2271 -2473 4 12 MUX\s2\sto\s1\\n(CMOS-логика)
x -2606 -2590 -2454 -2587 4 18 CLOCK\s(next\sstep)
w -2064 -2512 -2624 -2512 0
w -1952 -2432 -2048 -2432 0
180 -2112 -2432 -2048 -2432 4 0.1 10000000000 100000000 5
w -2336 -2416 -2336 -2384 0
w -2416 -2368 -2416 -2352 0
w -2128 -2352 -2416 -2352 0
w -2128 -2432 -2128 -2352 0
w -2144 -2432 -2128 -2432 0
I -2464 -2400 -2416 -2400 0 0.5 5
w -2464 -2464 -2464 -2400 0
w -2608 -2464 -2464 -2464 0
150 -2416 -2384 -2336 -2384 0 2 0 5
152 -2336 -2432 -2240 -2432 0 2 0 5
w -2416 -2464 -2464 -2464 0
155 -2240 -2432 -2192 -2432 0 0
x -2611 -2477 -2573 -2474 4 24 WE
w -2576 -2432 -2416 -2432 0
150 -2416 -2448 -2336 -2448 0 2 0 5
x -2334 -2592 -2226 -2589 4 36 REG\s1
b -741 -1432 -1434 -2626 0
x -1395 -1509 -1325 -1506 4 24 DataIn
x -844 -1508 -772 -1505 4 24 Output
w -1392 -1648 -1424 -1648 0
w -1392 -2432 -1392 -1648 0
w -1376 -1632 -1424 -1632 0
w -1376 -2304 -1376 -1632 0
w -1360 -1616 -1424 -1616 0
w -1360 -2176 -1360 -1616 0
w -1344 -1600 -1424 -1600 0
w -1344 -2048 -1344 -1600 0
w -1328 -1584 -1424 -1584 0
w -1328 -1920 -1328 -1584 0
w -1312 -1568 -1424 -1568 0
w -1312 -1792 -1312 -1568 0
w -1296 -1552 -1424 -1552 0
w -1296 -1664 -1296 -1552 0
w -1424 -1536 -1296 -1536 0
w -768 -1648 -752 -1648 0
w -768 -2432 -768 -1648 0
w -784 -1632 -752 -1632 0
w -784 -2304 -784 -1632 0
w -800 -1616 -752 -1616 0
w -800 -2176 -800 -1616 0
w -816 -1600 -752 -1600 0
w -816 -2048 -816 -1600 0
w -832 -1584 -752 -1584 0
w -832 -1920 -832 -1584 0
w -848 -1568 -752 -1568 0
w -848 -1792 -848 -1568 0
w -864 -1552 -752 -1552 0
155 -1056 -1536 -1008 -1536 0 0
w -1056 -1632 -1056 -1504 0
w -960 -1536 -944 -1536 0
w -944 -1536 -944 -1456 0
w -944 -1456 -1232 -1456 0
w -1152 -1520 -1152 -1488 0
w -1232 -1472 -1232 -1456 0
I -1280 -1504 -1232 -1504 0 0.5 5
150 -1232 -1488 -1152 -1488 0 2 0 5
152 -1152 -1536 -1056 -1536 0 2 0 5
w -1232 -1568 -1280 -1568 0
w -1296 -1536 -1232 -1536 0
150 -1232 -1552 -1152 -1552 0 2 0 5
w -1280 -1632 -1280 -1568 0
w -1280 -1568 -1280 -1504 0
180 -928 -1536 -864 -1536 4 0.1 10000000000 100000000 5
w -864 -1536 -752 -1536 0
w -928 -1536 -944 -1536 0
w -880 -1648 -880 -1520 0
w -880 -1520 -896 -1520 0
155 -1056 -1664 -1008 -1664 0 0
w -1056 -1760 -1056 -1632 0
w -960 -1664 -944 -1664 0
w -944 -1664 -944 -1584 0
w -944 -1584 -1232 -1584 0
w -1152 -1648 -1152 -1616 0
w -1232 -1600 -1232 -1584 0
I -1280 -1632 -1232 -1632 0 0.5 5
150 -1232 -1616 -1152 -1616 0 2 0 5
152 -1152 -1664 -1056 -1664 0 2 0 5
w -1232 -1696 -1280 -1696 0
w -1296 -1664 -1232 -1664 0
150 -1232 -1680 -1152 -1680 0 2 0 5
w -1280 -1760 -1280 -1696 0
w -1280 -1696 -1280 -1632 0
180 -928 -1664 -864 -1664 4 0.1 10000000000 100000000 5
w -864 -1664 -864 -1552 0
w -928 -1664 -944 -1664 0
w -880 -1776 -880 -1648 0
w -880 -1648 -896 -1648 0
155 -1056 -1792 -1008 -1792 0 0
w -1056 -1888 -1056 -1760 0
w -960 -1792 -944 -1792 0
w -944 -1792 -944 -1712 0
w -944 -1712 -1232 -1712 0
w -1152 -1776 -1152 -1744 0
w -1232 -1728 -1232 -1712 0
I -1280 -1760 -1232 -1760 0 0.5 5
150 -1232 -1744 -1152 -1744 0 2 0 5
152 -1152 -1792 -1056 -1792 0 2 0 5
w -1232 -1824 -1280 -1824 0
w -1312 -1792 -1232 -1792 0
150 -1232 -1808 -1152 -1808 0 2 0 5
w -1280 -1888 -1280 -1824 0
w -1280 -1824 -1280 -1760 0
180 -928 -1792 -864 -1792 4 0.1 10000000000 100000000 5
w -864 -1792 -848 -1792 0
w -928 -1792 -944 -1792 0
w -880 -1904 -880 -1776 0
w -880 -1776 -896 -1776 0
155 -1056 -1920 -1008 -1920 0 0
w -1056 -2016 -1056 -1888 0
w -960 -1920 -944 -1920 0
w -944 -1920 -944 -1840 0
w -944 -1840 -1232 -1840 0
w -1152 -1904 -1152 -1872 0
w -1232 -1856 -1232 -1840 0
I -1280 -1888 -1232 -1888 0 0.5 5
150 -1232 -1872 -1152 -1872 0 2 0 5
152 -1152 -1920 -1056 -1920 0 2 0 5
w -1232 -1952 -1280 -1952 0
w -1328 -1920 -1232 -1920 0
150 -1232 -1936 -1152 -1936 0 2 0 5
w -1280 -2016 -1280 -1952 0
w -1280 -1952 -1280 -1888 0
180 -928 -1920 -864 -1920 4 0.1 10000000000 100000000 5
w -864 -1920 -832 -1920 0
w -928 -1920 -944 -1920 0
w -880 -2032 -880 -1904 0
w -880 -1904 -896 -1904 0
155 -1056 -2048 -1008 -2048 0 0
w -1056 -2144 -1056 -2016 0
w -960 -2048 -944 -2048 0
w -944 -2048 -944 -1968 0
w -944 -1968 -1232 -1968 0
w -1152 -2032 -1152 -2000 0
w -1232 -1984 -1232 -1968 0
I -1280 -2016 -1232 -2016 0 0.5 5
150 -1232 -2000 -1152 -2000 0 2 0 5
152 -1152 -2048 -1056 -2048 0 2 0 5
w -1232 -2080 -1280 -2080 0
w -1344 -2048 -1232 -2048 0
150 -1232 -2064 -1152 -2064 0 2 0 5
w -1280 -2144 -1280 -2080 0
w -1280 -2080 -1280 -2016 0
180 -928 -2048 -864 -2048 4 0.1 10000000000 100000000 5
w -864 -2048 -816 -2048 0
w -928 -2048 -944 -2048 0
w -880 -2160 -880 -2032 0
w -880 -2032 -896 -2032 0
155 -1056 -2176 -1008 -2176 0 0
w -1056 -2272 -1056 -2144 0
w -960 -2176 -944 -2176 0
w -944 -2176 -944 -2096 0
w -944 -2096 -1232 -2096 0
w -1152 -2160 -1152 -2128 0
w -1232 -2112 -1232 -2096 0
I -1280 -2144 -1232 -2144 0 0.5 5
150 -1232 -2128 -1152 -2128 0 2 0 5
152 -1152 -2176 -1056 -2176 0 2 0 5
w -1232 -2208 -1280 -2208 0
w -1360 -2176 -1232 -2176 0
150 -1232 -2192 -1152 -2192 0 2 0 5
w -1280 -2272 -1280 -2208 0
w -1280 -2208 -1280 -2144 0
180 -928 -2176 -864 -2176 4 0.1 10000000000 100000000 5
w -864 -2176 -800 -2176 0
w -928 -2176 -944 -2176 0
w -880 -2288 -880 -2160 0
w -880 -2160 -896 -2160 0
w -880 -2288 -896 -2288 0
w -880 -2416 -880 -2288 0
w -880 -2416 -896 -2416 0
w -880 -2512 -880 -2416 0
w -928 -2304 -944 -2304 0
w -864 -2304 -784 -2304 0
180 -928 -2304 -864 -2304 4 0.1 10000000000 100000000 5
w -1280 -2336 -1280 -2272 0
w -1280 -2400 -1280 -2336 0
150 -1232 -2320 -1152 -2320 0 2 0 5
w -1376 -2304 -1232 -2304 0
w -1232 -2336 -1280 -2336 0
152 -1152 -2304 -1056 -2304 0 2 0 5
150 -1232 -2256 -1152 -2256 0 2 0 5
I -1280 -2272 -1232 -2272 0 0.5 5
w -1232 -2240 -1232 -2224 0
w -1152 -2288 -1152 -2256 0
w -944 -2224 -1232 -2224 0
w -944 -2304 -944 -2224 0
w -960 -2304 -944 -2304 0
w -1056 -2400 -1056 -2272 0
155 -1056 -2304 -1008 -2304 0 0
w -944 -2432 -928 -2432 0
x -1041 -2492 -984 -2489 4 12 D-TRIGER
x -1042 -2477 -984 -2474 4 12 D\sFlip-Flop
w -1056 -2576 -1440 -2576 0
w -1056 -2400 -1056 -2576 0
x -1172 -2491 -1087 -2473 4 12 MUX\s2\sto\s1\\n(CMOS-логика)
x -1430 -2587 -1278 -2584 4 18 CLOCK\s(next\sstep)
w -880 -2512 -1440 -2512 0
w -768 -2432 -864 -2432 0
180 -928 -2432 -864 -2432 4 0.1 10000000000 100000000 5
w -1152 -2416 -1152 -2384 0
w -1232 -2368 -1232 -2352 0
w -944 -2352 -1232 -2352 0
w -944 -2432 -944 -2352 0
w -960 -2432 -944 -2432 0
I -1280 -2400 -1232 -2400 0 0.5 5
w -1280 -2464 -1280 -2400 0
w -1424 -2464 -1280 -2464 0
150 -1232 -2384 -1152 -2384 0 2 0 5
152 -1152 -2432 -1056 -2432 0 2 0 5
w -1232 -2464 -1280 -2464 0
155 -1056 -2432 -1008 -2432 0 0
x -1425 -2475 -1387 -2472 4 24 WE
w -1392 -2432 -1232 -2432 0
150 -1232 -2448 -1152 -2448 0 2 0 5
x -1150 -2592 -1042 -2589 4 36 REG\s2
b 443 -1432 -250 -2626 0
x -211 -1509 -141 -1506 4 24 DataIn
x 340 -1508 412 -1505 4 24 Output
w -208 -1648 -240 -1648 0
w -208 -2432 -208 -1648 0
w -192 -1632 -240 -1632 0
w -192 -2304 -192 -1632 0
w -176 -1616 -240 -1616 0
w -176 -2176 -176 -1616 0
w -160 -1600 -240 -1600 0
w -160 -2048 -160 -1600 0
w -144 -1584 -240 -1584 0
w -144 -1920 -144 -1584 0
w -128 -1568 -240 -1568 0
w -128 -1792 -128 -1568 0
w -112 -1552 -240 -1552 0
w -112 -1664 -112 -1552 0
w -240 -1536 -112 -1536 0
w 416 -1648 432 -1648 0
w 416 -2432 416 -1648 0
w 400 -1632 432 -1632 0
w 400 -2304 400 -1632 0
w 384 -1616 432 -1616 0
w 384 -2176 384 -1616 0
w 368 -1600 432 -1600 0
w 368 -2048 368 -1600 0
w 352 -1584 432 -1584 0
w 352 -1920 352 -1584 0
w 336 -1568 432 -1568 0
w 336 -1792 336 -1568 0
w 320 -1552 432 -1552 0
155 128 -1536 176 -1536 0 0
w 128 -1632 128 -1504 0
w 224 -1536 240 -1536 0
w 240 -1536 240 -1456 0
w 240 -1456 -48 -1456 0
w 32 -1520 32 -1488 0
w -48 -1472 -48 -1456 0
I -96 -1504 -48 -1504 0 0.5 5
150 -48 -1488 32 -1488 0 2 0 5
152 32 -1536 128 -1536 0 2 0 5
w -48 -1568 -96 -1568 0
w -112 -1536 -48 -1536 0
150 -48 -1552 32 -1552 0 2 0 5
w -96 -1632 -96 -1568 0
w -96 -1568 -96 -1504 0
180 256 -1536 320 -1536 4 0.1 10000000000 100000000 5
w 320 -1536 432 -1536 0
w 256 -1536 240 -1536 0
w 304 -1648 304 -1520 0
w 304 -1520 288 -1520 0
155 128 -1664 176 -1664 0 0
w 128 -1760 128 -1632 0
w 224 -1664 240 -1664 0
w 240 -1664 240 -1584 0
w 240 -1584 -48 -1584 0
w 32 -1648 32 -1616 0
w -48 -1600 -48 -1584 0
I -96 -1632 -48 -1632 0 0.5 5
150 -48 -1616 32 -1616 0 2 0 5
152 32 -1664 128 -1664 0 2 0 5
w -48 -1696 -96 -1696 0
w -112 -1664 -48 -1664 0
150 -48 -1680 32 -1680 0 2 0 5
w -96 -1760 -96 -1696 0
w -96 -1696 -96 -1632 0
180 256 -1664 320 -1664 4 0.1 10000000000 100000000 5
w 320 -1664 320 -1552 0
w 256 -1664 240 -1664 0
w 304 -1776 304 -1648 0
w 304 -1648 288 -1648 0
155 128 -1792 176 -1792 0 0
w 128 -1888 128 -1760 0
w 224 -1792 240 -1792 0
w 240 -1792 240 -1712 0
w 240 -1712 -48 -1712 0
w 32 -1776 32 -1744 0
w -48 -1728 -48 -1712 0
I -96 -1760 -48 -1760 0 0.5 5
150 -48 -1744 32 -1744 0 2 0 5
152 32 -1792 128 -1792 0 2 0 5
w -48 -1824 -96 -1824 0
w -128 -1792 -48 -1792 0
150 -48 -1808 32 -1808 0 2 0 5
w -96 -1888 -96 -1824 0
w -96 -1824 -96 -1760 0
180 256 -1792 320 -1792 4 0.1 10000000000 100000000 5
w 320 -1792 336 -1792 0
w 256 -1792 240 -1792 0
w 304 -1904 304 -1776 0
w 304 -1776 288 -1776 0
155 128 -1920 176 -1920 0 0
w 128 -2016 128 -1888 0
w 224 -1920 240 -1920 0
w 240 -1920 240 -1840 0
w 240 -1840 -48 -1840 0
w 32 -1904 32 -1872 0
w -48 -1856 -48 -1840 0
I -96 -1888 -48 -1888 0 0.5 5
150 -48 -1872 32 -1872 0 2 0 5
152 32 -1920 128 -1920 0 2 0 5
w -48 -1952 -96 -1952 0
w -144 -1920 -48 -1920 0
150 -48 -1936 32 -1936 0 2 0 5
w -96 -2016 -96 -1952 0
w -96 -1952 -96 -1888 0
180 256 -1920 320 -1920 4 0.1 10000000000 100000000 5
w 320 -1920 352 -1920 0
w 256 -1920 240 -1920 0
w 304 -2032 304 -1904 0
w 304 -1904 288 -1904 0
155 128 -2048 176 -2048 0 0
w 128 -2144 128 -2016 0
w 224 -2048 240 -2048 0
w 240 -2048 240 -1968 0
w 240 -1968 -48 -1968 0
w 32 -2032 32 -2000 0
w -48 -1984 -48 -1968 0
I -96 -2016 -48 -2016 0 0.5 5
150 -48 -2000 32 -2000 0 2 0 5
152 32 -2048 128 -2048 0 2 0 5
w -48 -2080 -96 -2080 0
w -160 -2048 -48 -2048 0
150 -48 -2064 32 -2064 0 2 0 5
w -96 -2144 -96 -2080 0
w -96 -2080 -96 -2016 0
180 256 -2048 320 -2048 4 0.1 10000000000 100000000 5
w 320 -2048 368 -2048 0
w 256 -2048 240 -2048 0
w 304 -2160 304 -2032 0
w 304 -2032 288 -2032 0
155 128 -2176 176 -2176 0 0
w 128 -2272 128 -2144 0
w 224 -2176 240 -2176 0
w 240 -2176 240 -2096 0
w 240 -2096 -48 -2096 0
w 32 -2160 32 -2128 0
w -48 -2112 -48 -2096 0
I -96 -2144 -48 -2144 0 0.5 5
150 -48 -2128 32 -2128 0 2 0 5
152 32 -2176 128 -2176 0 2 0 5
w -48 -2208 -96 -2208 0
w -176 -2176 -48 -2176 0
150 -48 -2192 32 -2192 0 2 0 5
w -96 -2272 -96 -2208 0
w -96 -2208 -96 -2144 0
180 256 -2176 320 -2176 4 0.1 10000000000 100000000 5
w 320 -2176 384 -2176 0
w 256 -2176 240 -2176 0
w 304 -2288 304 -2160 0
w 304 -2160 288 -2160 0
w 304 -2288 288 -2288 0
w 304 -2416 304 -2288 0
w 304 -2416 288 -2416 0
w 304 -2512 304 -2416 0
w 256 -2304 240 -2304 0
w 320 -2304 400 -2304 0
180 256 -2304 320 -2304 4 0.1 10000000000 100000000 5
w -96 -2336 -96 -2272 0
w -96 -2400 -96 -2336 0
150 -48 -2320 32 -2320 0 2 0 5
w -192 -2304 -48 -2304 0
w -48 -2336 -96 -2336 0
152 32 -2304 128 -2304 0 2 0 5
150 -48 -2256 32 -2256 0 2 0 5
I -96 -2272 -48 -2272 0 0.5 5
w -48 -2240 -48 -2224 0
w 32 -2288 32 -2256 0
w 240 -2224 -48 -2224 0
w 240 -2304 240 -2224 0
w 224 -2304 240 -2304 0
w 128 -2400 128 -2272 0
155 128 -2304 176 -2304 0 0
w 240 -2432 256 -2432 0
x 143 -2492 200 -2489 4 12 D-TRIGER
x 142 -2477 200 -2474 4 12 D\sFlip-Flop
w 128 -2576 -256 -2576 0
w 128 -2400 128 -2576 0
x 12 -2491 97 -2473 4 12 MUX\s2\sto\s1\\n(CMOS-логика)
x -242 -2587 -90 -2584 4 18 CLOCK\s(next\sstep)
w 304 -2512 -256 -2512 0
w 416 -2432 320 -2432 0
180 256 -2432 320 -2432 4 0.1 10000000000 100000000 5
w 32 -2416 32 -2384 0
w -48 -2368 -48 -2352 0
w 240 -2352 -48 -2352 0
w 240 -2432 240 -2352 0
w 224 -2432 240 -2432 0
I -96 -2400 -48 -2400 0 0.5 5
w -96 -2464 -96 -2400 0
w -240 -2464 -96 -2464 0
150 -48 -2384 32 -2384 0 2 0 5
152 32 -2432 128 -2432 0 2 0 5
w -48 -2464 -96 -2464 0
155 128 -2432 176 -2432 0 0
x -245 -2477 -207 -2474 4 24 WE
w -208 -2432 -48 -2432 0
150 -48 -2448 32 -2448 0 2 0 5
x 34 -2592 142 -2589 4 36 REG\s3
b 1643 -1432 950 -2626 0
x 989 -1509 1059 -1506 4 24 DataIn
x 1540 -1508 1612 -1505 4 24 Output
w 992 -1648 960 -1648 0
w 992 -2432 992 -1648 0
w 1008 -1632 960 -1632 0
w 1008 -2304 1008 -1632 0
w 1024 -1616 960 -1616 0
w 1024 -2176 1024 -1616 0
w 1040 -1600 960 -1600 0
w 1040 -2048 1040 -1600 0
w 1056 -1584 960 -1584 0
w 1056 -1920 1056 -1584 0
w 1072 -1568 960 -1568 0
w 1072 -1792 1072 -1568 0
w 1088 -1552 960 -1552 0
w 1088 -1664 1088 -1552 0
w 960 -1536 1088 -1536 0
w 1616 -1648 1632 -1648 0
w 1616 -2432 1616 -1648 0
w 1600 -1632 1632 -1632 0
w 1600 -2304 1600 -1632 0
w 1584 -1616 1632 -1616 0
w 1584 -2176 1584 -1616 0
w 1568 -1600 1632 -1600 0
w 1568 -2048 1568 -1600 0
w 1552 -1584 1632 -1584 0
w 1552 -1920 1552 -1584 0
w 1536 -1568 1632 -1568 0
w 1536 -1792 1536 -1568 0
w 1520 -1552 1632 -1552 0
155 1328 -1536 1376 -1536 0 0
w 1328 -1632 1328 -1504 0
w 1424 -1536 1440 -1536 0
w 1440 -1536 1440 -1456 0
w 1440 -1456 1152 -1456 0
w 1232 -1520 1232 -1488 0
w 1152 -1472 1152 -1456 0
I 1104 -1504 1152 -1504 0 0.5 5
150 1152 -1488 1232 -1488 0 2 0 5
152 1232 -1536 1328 -1536 0 2 0 5
w 1152 -1568 1104 -1568 0
w 1088 -1536 1152 -1536 0
150 1152 -1552 1232 -1552 0 2 0 5
w 1104 -1632 1104 -1568 0
w 1104 -1568 1104 -1504 0
180 1456 -1536 1520 -1536 4 0.1 10000000000 100000000 5
w 1520 -1536 1632 -1536 0
w 1456 -1536 1440 -1536 0
w 1504 -1648 1504 -1520 0
w 1504 -1520 1488 -1520 0
155 1328 -1664 1376 -1664 0 0
w 1328 -1760 1328 -1632 0
w 1424 -1664 1440 -1664 0
w 1440 -1664 1440 -1584 0
w 1440 -1584 1152 -1584 0
w 1232 -1648 1232 -1616 0
w 1152 -1600 1152 -1584 0
I 1104 -1632 1152 -1632 0 0.5 5
150 1152 -1616 1232 -1616 0 2 0 5
152 1232 -1664 1328 -1664 0 2 0 5
w 1152 -1696 1104 -1696 0
w 1088 -1664 1152 -1664 0
150 1152 -1680 1232 -1680 0 2 0 5
w 1104 -1760 1104 -1696 0
w 1104 -1696 1104 -1632 0
180 1456 -1664 1520 -1664 4 0.1 10000000000 100000000 5
w 1520 -1664 1520 -1552 0
w 1456 -1664 1440 -1664 0
w 1504 -1776 1504 -1648 0
w 1504 -1648 1488 -1648 0
155 1328 -1792 1376 -1792 0 0
w 1328 -1888 1328 -1760 0
w 1424 -1792 1440 -1792 0
w 1440 -1792 1440 -1712 0
w 1440 -1712 1152 -1712 0
w 1232 -1776 1232 -1744 0
w 1152 -1728 1152 -1712 0
I 1104 -1760 1152 -1760 0 0.5 5
150 1152 -1744 1232 -1744 0 2 0 5
152 1232 -1792 1328 -1792 0 2 0 5
w 1152 -1824 1104 -1824 0
w 1072 -1792 1152 -1792 0
150 1152 -1808 1232 -1808 0 2 0 5
w 1104 -1888 1104 -1824 0
w 1104 -1824 1104 -1760 0
180 1456 -1792 1520 -1792 4 0.1 10000000000 100000000 5
w 1520 -1792 1536 -1792 0
w 1456 -1792 1440 -1792 0
w 1504 -1904 1504 -1776 0
w 1504 -1776 1488 -1776 0
155 1328 -1920 1376 -1920 0 0
w 1328 -2016 1328 -1888 0
w 1424 -1920 1440 -1920 0
w 1440 -1920 1440 -1840 0
w 1440 -1840 1152 -1840 0
w 1232 -1904 1232 -1872 0
w 1152 -1856 1152 -1840 0
I 1104 -1888 1152 -1888 0 0.5 5
150 1152 -1872 1232 -1872 0 2 0 5
152 1232 -1920 1328 -1920 0 2 0 5
w 1152 -1952 1104 -1952 0
w 1056 -1920 1152 -1920 0
150 1152 -1936 1232 -1936 0 2 0 5
w 1104 -2016 1104 -1952 0
w 1104 -1952 1104 -1888 0
180 1456 -1920 1520 -1920 4 0.1 10000000000 100000000 5
w 1520 -1920 1552 -1920 0
w 1456 -1920 1440 -1920 0
w 1504 -2032 1504 -1904 0
w 1504 -1904 1488 -1904 0
155 1328 -2048 1376 -2048 0 0
w 1328 -2144 1328 -2016 0
w 1424 -2048 1440 -2048 0
w 1440 -2048 1440 -1968 0
w 1440 -1968 1152 -1968 0
w 1232 -2032 1232 -2000 0
w 1152 -1984 1152 -1968 0
I 1104 -2016 1152 -2016 0 0.5 5
150 1152 -2000 1232 -2000 0 2 0 5
152 1232 -2048 1328 -2048 0 2 0 5
w 1152 -2080 1104 -2080 0
w 1040 -2048 1152 -2048 0
150 1152 -2064 1232 -2064 0 2 0 5
w 1104 -2144 1104 -2080 0
w 1104 -2080 1104 -2016 0
180 1456 -2048 1520 -2048 4 0.1 10000000000 100000000 5
w 1520 -2048 1568 -2048 0
w 1456 -2048 1440 -2048 0
w 1504 -2160 1504 -2032 0
w 1504 -2032 1488 -2032 0
155 1328 -2176 1376 -2176 0 0
w 1328 -2272 1328 -2144 0
w 1424 -2176 1440 -2176 0
w 1440 -2176 1440 -2096 0
w 1440 -2096 1152 -2096 0
w 1232 -2160 1232 -2128 0
w 1152 -2112 1152 -2096 0
I 1104 -2144 1152 -2144 0 0.5 5
150 1152 -2128 1232 -2128 0 2 0 5
152 1232 -2176 1328 -2176 0 2 0 5
w 1152 -2208 1104 -2208 0
w 1024 -2176 1152 -2176 0
150 1152 -2192 1232 -2192 0 2 0 5
w 1104 -2272 1104 -2208 0
w 1104 -2208 1104 -2144 0
180 1456 -2176 1520 -2176 4 0.1 10000000000 100000000 5
w 1520 -2176 1584 -2176 0
w 1456 -2176 1440 -2176 0
w 1504 -2288 1504 -2160 0
w 1504 -2160 1488 -2160 0
w 1504 -2288 1488 -2288 0
w 1504 -2416 1504 -2288 0
w 1504 -2416 1488 -2416 0
w 1504 -2512 1504 -2416 0
w 1456 -2304 1440 -2304 0
w 1520 -2304 1600 -2304 0
180 1456 -2304 1520 -2304 4 0.1 10000000000 100000000 5
w 1104 -2336 1104 -2272 0
w 1104 -2400 1104 -2336 0
150 1152 -2320 1232 -2320 0 2 0 5
w 1008 -2304 1152 -2304 0
w 1152 -2336 1104 -2336 0
152 1232 -2304 1328 -2304 0 2 0 5
150 1152 -2256 1232 -2256 0 2 0 5
I 1104 -2272 1152 -2272 0 0.5 5
w 1152 -2240 1152 -2224 0
w 1232 -2288 1232 -2256 0
w 1440 -2224 1152 -2224 0
w 1440 -2304 1440 -2224 0
w 1424 -2304 1440 -2304 0
w 1328 -2400 1328 -2272 0
155 1328 -2304 1376 -2304 0 0
w 1440 -2432 1456 -2432 0
x 1343 -2492 1400 -2489 4 12 D-TRIGER
x 1342 -2477 1400 -2474 4 12 D\sFlip-Flop
w 1328 -2576 944 -2576 0
w 1328 -2400 1328 -2576 0
x 1212 -2491 1297 -2473 4 12 MUX\s2\sto\s1\\n(CMOS-логика)
x 954 -2585 1106 -2582 4 18 CLOCK\s(next\sstep)
w 1504 -2512 944 -2512 0
w 1616 -2432 1520 -2432 0
180 1456 -2432 1520 -2432 4 0.1 10000000000 100000000 5
w 1232 -2416 1232 -2384 0
w 1152 -2368 1152 -2352 0
w 1440 -2352 1152 -2352 0
w 1440 -2432 1440 -2352 0
w 1424 -2432 1440 -2432 0
I 1104 -2400 1152 -2400 0 0.5 5
w 1104 -2464 1104 -2400 0
w 960 -2464 1104 -2464 0
150 1152 -2384 1232 -2384 0 2 0 5
152 1232 -2432 1328 -2432 0 2 0 5
w 1152 -2464 1104 -2464 0
155 1328 -2432 1376 -2432 0 0
x 953 -2473 991 -2470 4 24 WE
w 992 -2432 1152 -2432 0
150 1152 -2448 1232 -2448 0 2 0 5
x 1234 -2592 1342 -2589 4 36 REG\s4
b 2827 -1432 2134 -2626 0
x 2173 -1509 2243 -1506 4 24 DataIn
x 2724 -1508 2796 -1505 4 24 Output
w 2176 -1648 2144 -1648 0
w 2176 -2432 2176 -1648 0
w 2192 -1632 2144 -1632 0
w 2192 -2304 2192 -1632 0
w 2208 -1616 2144 -1616 0
w 2208 -2176 2208 -1616 0
w 2224 -1600 2144 -1600 0
w 2224 -2048 2224 -1600 0
w 2240 -1584 2144 -1584 0
w 2240 -1920 2240 -1584 0
w 2256 -1568 2144 -1568 0
w 2256 -1792 2256 -1568 0
w 2272 -1552 2144 -1552 0
w 2272 -1664 2272 -1552 0
w 2144 -1536 2272 -1536 0
w 2800 -1648 2816 -1648 0
w 2800 -2432 2800 -1648 0
w 2784 -1632 2816 -1632 0
w 2784 -2304 2784 -1632 0
w 2768 -1616 2816 -1616 0
w 2768 -2176 2768 -1616 0
w 2752 -1600 2816 -1600 0
w 2752 -2048 2752 -1600 0
w 2736 -1584 2816 -1584 0
w 2736 -1920 2736 -1584 0
w 2720 -1568 2816 -1568 0
w 2720 -1792 2720 -1568 0
w 2704 -1552 2816 -1552 0
155 2512 -1536 2560 -1536 0 0
w 2512 -1632 2512 -1504 0
w 2608 -1536 2624 -1536 0
w 2624 -1536 2624 -1456 0
w 2624 -1456 2336 -1456 0
w 2416 -1520 2416 -1488 0
w 2336 -1472 2336 -1456 0
I 2288 -1504 2336 -1504 0 0.5 5
150 2336 -1488 2416 -1488 0 2 0 5
152 2416 -1536 2512 -1536 0 2 0 5
w 2336 -1568 2288 -1568 0
w 2272 -1536 2336 -1536 0
150 2336 -1552 2416 -1552 0 2 0 5
w 2288 -1632 2288 -1568 0
w 2288 -1568 2288 -1504 0
180 2640 -1536 2704 -1536 4 0.1 10000000000 100000000 5
w 2704 -1536 2816 -1536 0
w 2640 -1536 2624 -1536 0
w 2688 -1648 2688 -1520 0
w 2688 -1520 2672 -1520 0
155 2512 -1664 2560 -1664 0 0
w 2512 -1760 2512 -1632 0
w 2608 -1664 2624 -1664 0
w 2624 -1664 2624 -1584 0
w 2624 -1584 2336 -1584 0
w 2416 -1648 2416 -1616 0
w 2336 -1600 2336 -1584 0
I 2288 -1632 2336 -1632 0 0.5 5
150 2336 -1616 2416 -1616 0 2 0 5
152 2416 -1664 2512 -1664 0 2 0 5
w 2336 -1696 2288 -1696 0
w 2272 -1664 2336 -1664 0
150 2336 -1680 2416 -1680 0 2 0 5
w 2288 -1760 2288 -1696 0
w 2288 -1696 2288 -1632 0
180 2640 -1664 2704 -1664 4 0.1 10000000000 100000000 5
w 2704 -1664 2704 -1552 0
w 2640 -1664 2624 -1664 0
w 2688 -1776 2688 -1648 0
w 2688 -1648 2672 -1648 0
155 2512 -1792 2560 -1792 0 0
w 2512 -1888 2512 -1760 0
w 2608 -1792 2624 -1792 0
w 2624 -1792 2624 -1712 0
w 2624 -1712 2336 -1712 0
w 2416 -1776 2416 -1744 0
w 2336 -1728 2336 -1712 0
I 2288 -1760 2336 -1760 0 0.5 5
150 2336 -1744 2416 -1744 0 2 0 5
152 2416 -1792 2512 -1792 0 2 0 5
w 2336 -1824 2288 -1824 0
w 2256 -1792 2336 -1792 0
150 2336 -1808 2416 -1808 0 2 0 5
w 2288 -1888 2288 -1824 0
w 2288 -1824 2288 -1760 0
180 2640 -1792 2704 -1792 4 0.1 10000000000 100000000 5
w 2704 -1792 2720 -1792 0
w 2640 -1792 2624 -1792 0
w 2688 -1904 2688 -1776 0
w 2688 -1776 2672 -1776 0
155 2512 -1920 2560 -1920 0 0
w 2512 -2016 2512 -1888 0
w 2608 -1920 2624 -1920 0
w 2624 -1920 2624 -1840 0
w 2624 -1840 2336 -1840 0
w 2416 -1904 2416 -1872 0
w 2336 -1856 2336 -1840 0
I 2288 -1888 2336 -1888 0 0.5 5
150 2336 -1872 2416 -1872 0 2 0 5
152 2416 -1920 2512 -1920 0 2 0 5
w 2336 -1952 2288 -1952 0
w 2240 -1920 2336 -1920 0
150 2336 -1936 2416 -1936 0 2 0 5
w 2288 -2016 2288 -1952 0
w 2288 -1952 2288 -1888 0
180 2640 -1920 2704 -1920 4 0.1 10000000000 100000000 5
w 2704 -1920 2736 -1920 0
w 2640 -1920 2624 -1920 0
w 2688 -2032 2688 -1904 0
w 2688 -1904 2672 -1904 0
155 2512 -2048 2560 -2048 0 0
w 2512 -2144 2512 -2016 0
w 2608 -2048 2624 -2048 0
w 2624 -2048 2624 -1968 0
w 2624 -1968 2336 -1968 0
w 2416 -2032 2416 -2000 0
w 2336 -1984 2336 -1968 0
I 2288 -2016 2336 -2016 0 0.5 5
150 2336 -2000 2416 -2000 0 2 0 5
152 2416 -2048 2512 -2048 0 2 0 5
w 2336 -2080 2288 -2080 0
w 2224 -2048 2336 -2048 0
150 2336 -2064 2416 -2064 0 2 0 5
w 2288 -2144 2288 -2080 0
w 2288 -2080 2288 -2016 0
180 2640 -2048 2704 -2048 4 0.1 10000000000 100000000 5
w 2704 -2048 2752 -2048 0
w 2640 -2048 2624 -2048 0
w 2688 -2160 2688 -2032 0
w 2688 -2032 2672 -2032 0
155 2512 -2176 2560 -2176 0 0
w 2512 -2272 2512 -2144 0
w 2608 -2176 2624 -2176 0
w 2624 -2176 2624 -2096 0
w 2624 -2096 2336 -2096 0
w 2416 -2160 2416 -2128 0
w 2336 -2112 2336 -2096 0
I 2288 -2144 2336 -2144 0 0.5 5
150 2336 -2128 2416 -2128 0 2 0 5
152 2416 -2176 2512 -2176 0 2 0 5
w 2336 -2208 2288 -2208 0
w 2208 -2176 2336 -2176 0
150 2336 -2192 2416 -2192 0 2 0 5
w 2288 -2272 2288 -2208 0
w 2288 -2208 2288 -2144 0
180 2640 -2176 2704 -2176 4 0.1 10000000000 100000000 5
w 2704 -2176 2768 -2176 0
w 2640 -2176 2624 -2176 0
w 2688 -2288 2688 -2160 0
w 2688 -2160 2672 -2160 0
w 2688 -2288 2672 -2288 0
w 2688 -2416 2688 -2288 0
w 2688 -2416 2672 -2416 0
w 2688 -2512 2688 -2416 0
w 2640 -2304 2624 -2304 0
w 2704 -2304 2784 -2304 0
180 2640 -2304 2704 -2304 4 0.1 10000000000 100000000 5
w 2288 -2336 2288 -2272 0
w 2288 -2400 2288 -2336 0
150 2336 -2320 2416 -2320 0 2 0 5
w 2192 -2304 2336 -2304 0
w 2336 -2336 2288 -2336 0
152 2416 -2304 2512 -2304 0 2 0 5
150 2336 -2256 2416 -2256 0 2 0 5
I 2288 -2272 2336 -2272 0 0.5 5
w 2336 -2240 2336 -2224 0
w 2416 -2288 2416 -2256 0
w 2624 -2224 2336 -2224 0
w 2624 -2304 2624 -2224 0
w 2608 -2304 2624 -2304 0
w 2512 -2400 2512 -2272 0
155 2512 -2304 2560 -2304 0 0
w 2624 -2432 2640 -2432 0
x 2527 -2492 2584 -2489 4 12 D-TRIGER
x 2526 -2477 2584 -2474 4 12 D\sFlip-Flop
w 2512 -2576 2128 -2576 0
w 2512 -2400 2512 -2576 0
x 2396 -2491 2481 -2473 4 12 MUX\s2\sto\s1\\n(CMOS-логика)
x 2138 -2588 2290 -2585 4 18 CLOCK\s(next\sstep)
w 2688 -2512 2128 -2512 0
w 2800 -2432 2704 -2432 0
180 2640 -2432 2704 -2432 4 0.1 10000000000 100000000 5
w 2416 -2416 2416 -2384 0
w 2336 -2368 2336 -2352 0
w 2624 -2352 2336 -2352 0
w 2624 -2432 2624 -2352 0
w 2608 -2432 2624 -2432 0
I 2288 -2400 2336 -2400 0 0.5 5
w 2288 -2464 2288 -2400 0
w 2144 -2464 2288 -2464 0
150 2336 -2384 2416 -2384 0 2 0 5
152 2416 -2432 2512 -2432 0 2 0 5
w 2336 -2464 2288 -2464 0
155 2512 -2432 2560 -2432 0 0
x 2140 -2477 2178 -2474 4 24 WE
w 2176 -2432 2336 -2432 0
150 2336 -2448 2416 -2448 0 2 0 5
x 2418 -2592 2526 -2589 4 36 REG\s5
x -2609 -2522 -2575 -2519 4 24 RD
x -1427 -2519 -1393 -2516 4 24 RD
x -247 -2523 -213 -2520 4 24 RD
x 957 -2521 991 -2518 4 24 RD
x 2140 -2524 2174 -2521 4 24 RD
w -4656 -4240 -3936 -4240 0
w -4656 -3440 -3936 -3440 0
w -3936 -2464 -3888 -2464 0
w -3904 -2512 -3920 -2512 0
w -3936 -2464 -3936 -3440 0
w -3920 -2512 -3936 -4240 0
w -4656 -3424 -2656 -3424 0
w -4656 -3408 -1472 -3408 0
w -4656 -3392 -288 -3392 0
w -4656 -3376 912 -3376 0
w -4656 -3360 2096 -3360 0
w -4656 -3344 3152 -3344 0
w -3904 -2576 -3904 -2656 0
w -3904 -2656 -5424 -2656 0
x -5558 -2687 -5406 -2684 4 18 CLOCK\s(next\sstep)
w -3904 -2656 -2624 -2656 0
w -2624 -2576 -2624 -2656 0
w -2624 -2656 -1440 -2656 0
w -1440 -2576 -1440 -2656 0
w -1440 -2656 -256 -2656 0
w -256 -2576 -256 -2656 0
w -256 -2656 944 -2656 0
w 944 -2576 944 -2656 0
w 944 -2656 2128 -2656 0
w 2128 -2656 2128 -2576 0
w -2608 -2464 -2656 -2464 0
w -2624 -2512 -2640 -2512 0
w -2640 -2512 -2640 -4224 0
w -2656 -2464 -2656 -3424 0
w -1472 -2464 -1472 -3408 0
w -1456 -2512 -1456 -4208 0
w -1440 -2512 -1456 -2512 0
w -1424 -2464 -1472 -2464 0
w -288 -2464 -288 -3392 0
w -272 -2512 -272 -4192 0
w -256 -2512 -272 -2512 0
w -240 -2464 -288 -2464 0
w 912 -2464 912 -3376 0
w 928 -2512 928 -4176 0
w 944 -2512 928 -2512 0
w 960 -2464 912 -2464 0
w 2096 -2464 2096 -3360 0
w 2112 -2512 2112 -4160 0
w 2128 -2512 2112 -2512 0
w 2144 -2464 2096 -2464 0
w 3168 -1504 3152 -1504 0
w 3152 -1504 3152 -3344 0
w -4656 -4160 2112 -4160 0
w -4656 -4176 928 -4176 0
w -4656 -4192 -272 -4192 0
w -4656 -4208 -1456 -4208 0
w -4656 -4224 -2640 -4224 0
L -5424 -2656 -5520 -2656 0 1 false 5 0
