$ 1 0.000005 10.20027730826997 50 5 50 5e-11
w -3392 -1360 -3424 -1360 0
w -3392 -1392 -3440 -1392 0
L -3600 -1328 -3664 -1328 0 1 false 5 0
L -3600 -1344 -3664 -1344 0 1 false 5 0
w -3536 -1488 -3536 -1424 0
b -3607 -1672 -3105 -1294 0
w -3552 -1344 -3552 -1520 0
w -3536 -1328 -3488 -1328 0
x -3570 -1626 -3128 -1623 4 48 2\sbit\sdecoder\s(2\sto\s4)
w -3536 -1328 -3536 -1424 0
x -3597 -1308 -3585 -1305 4 18 B
x -3597 -1352 -3585 -1349 4 18 A
w -3552 -1344 -3504 -1344 0
150 -3392 -1376 -3296 -1376 0 2 0 5
150 -3392 -1440 -3296 -1440 0 2 0 5
150 -3392 -1504 -3296 -1504 0 2 0 5
150 -3392 -1568 -3296 -1568 0 2 5 5
I -3504 -1344 -3440 -1344 0 0.5 5
I -3488 -1328 -3424 -1328 0 0.5 5
w -3552 -1344 -3600 -1344 0
w -3536 -1328 -3600 -1328 0
M -3104 -1568 -3072 -1568 0 2.5
M -3104 -1552 -3072 -1552 0 2.5
M -3104 -1536 -3072 -1536 0 2.5
M -3104 -1520 -3072 -1520 0 2.5
x -3258 -1572 -3126 -1518 4 14 \s11\sconditions\\n\s10\scopy\\n\s01\scalc\\n\s00\simmediate\svalues
w -3392 -1584 -3552 -1584 0
w -3552 -1584 -3552 -1520 0
w -3392 -1552 -3536 -1552 0
w -3536 -1552 -3536 -1488 0
w -3392 -1520 -3552 -1520 0
w -3424 -1360 -3424 -1488 0
w -3424 -1488 -3392 -1488 0
w -3296 -1568 -3104 -1568 0
w -3296 -1504 -3296 -1552 0
w -3296 -1552 -3104 -1552 0
w -3296 -1440 -3280 -1440 0
w -3280 -1440 -3280 -1536 0
w -3280 -1536 -3104 -1536 0
w -3440 -1392 -3440 -1456 0
w -3440 -1456 -3392 -1456 0
w -3392 -1424 -3536 -1424 0
w -3440 -1392 -3440 -1344 0
w -3424 -1360 -3424 -1328 0
w -3296 -1376 -3264 -1376 0
w -3264 -1376 -3264 -1520 0
w -3264 -1520 -3104 -1520 0
