$ 1 0.000049999999999999996 135.0639324902207 25 5 50 5e-11
w -768 -1280 -944 -1280 0
w -800 -1312 -944 -1312 0
w -944 -1344 -832 -1344 0
w -896 -1376 -944 -1376 0
w -896 -1840 -896 -1376 0
w -912 -1408 -944 -1408 0
w -928 -1440 -928 -1904 0
w -944 -1440 -928 -1440 0
w -944 -1472 -944 -1936 0
w -1152 -1344 -1152 -1248 0
w -1232 -1344 -1152 -1344 0
w -1168 -1312 -1168 -1232 0
w -1232 -1312 -1168 -1312 0
w -1184 -1280 -1184 -1216 0
w -1232 -1280 -1184 -1280 0
w -1200 -1248 -1200 -1200 0
w -1232 -1248 -1200 -1248 0
w -1216 -1216 -1216 -1184 0
w -1232 -1216 -1216 -1216 0
w -1232 -1184 -1232 -1168 0
w -736 -1936 -688 -1936 0
w -720 -1904 -688 -1904 0
w -704 -1872 -688 -1872 0
w -1152 -1584 -1104 -1584 0
w -1152 -1616 -1120 -1616 0
w -1136 -1648 -1152 -1648 0
w -560 -1808 -560 -1152 0
w -1232 -1152 -560 -1152 0
w -592 -1808 -592 -1168 0
w -1232 -1168 -592 -1168 0
w -624 -1184 -1216 -1184 0
w -624 -1808 -624 -1184 0
w -688 -1200 -1200 -1200 0
w -704 -1216 -1184 -1216 0
w -1168 -1232 -720 -1232 0
w -1152 -1248 -736 -1248 0
w -832 -1808 -832 -1344 0
w -800 -1312 -800 -1808 0
w -768 -1808 -768 -1280 0
w -912 -1872 -912 -1408 0
w -928 -1904 -896 -1904 0
w -1360 -1376 -1072 -1376 0
w -1360 -1408 -1072 -1408 0
w -1360 -1440 -1072 -1440 0
w -1360 -1472 -1072 -1472 0
w -1152 -1936 -1152 -1680 0
w -1136 -1904 -1136 -1648 0
w -1120 -1616 -1120 -1872 0
w -1040 -1552 -1152 -1552 0
w -1008 -1520 -1152 -1520 0
w -1008 -1808 -1008 -1520 0
w -1152 -1488 -976 -1488 0
w -1328 -1680 -1280 -1680 0
w -1328 -1600 -1328 -1680 0
w -1312 -1648 -1280 -1648 0
w -1312 -1568 -1312 -1648 0
w -1360 -1568 -1312 -1568 0
w -1296 -1536 -1360 -1536 0
w -1296 -1616 -1296 -1536 0
w -1280 -1616 -1296 -1616 0
w -1280 -1584 -1280 -1504 0
w -1360 -1504 -1280 -1504 0
w -1360 -1600 -1328 -1600 0
413 -1456 -1632 -1424 -1632 0 8 12 0 0 1 2 3 4 5 6 7 8 9 16 17 18 19 20 21 22 23 24 25 32 33 34 35 36 37 38 39 40 41 48 49 50 51 52 53 54 55 56 57 64 65 66 67 68 69 70 71 72 73 80 81 82 83 84 85 86 87 88 89 96 97 98 99 100 101 102 103 104 105 112 113 114 115 116 117 118 119 120 121 128 129 130 131 132 133 134 135 136 137 144 145 146 147 148 149 150 151 152 153 256 257 258 259 260 261 262 263 264 265 272 273 274 275 276 277 278 279 280 281 288 289 290 291 292 293 294 295 296 297 304 305 306 307 308 309 310 311 312 313 320 321 322 323 324 325 326 327 328 329 336 337 338 339 340 341 342 343 344 345 352 353 354 355 356 357 358 359 360 361 368 369 370 371 372 373 374 375 376 377 384 385 386 387 388 389 390 391 392 393 400 401 402 403 404 405 406 407 408 409 512 513 514 515 516 517 518 519 520 521 528 529 530 531 532 533 534 535 536 537 544 545 546 547 548 549 550 551 552 553 560 561 562 563 564 565 566 567 568 569 576 577 578 579 580 581 582 583 584 585 592 593 594 595 596 597 -1 -2
197 -1360 -1344 -1328 -1344 0
197 -1280 -1680 -1232 -1680 0
197 -1072 -1472 -1040 -1472 0
157 -688 -1936 -640 -1936 0 7 0 0
w -688 -1200 -688 -1840 0
w -704 -1216 -704 -1872 0
w -720 -1232 -720 -1904 0
w -736 -1936 -736 -1248 0
157 -896 -1936 -848 -1936 0 7 0 0
w -944 -1936 -896 -1936 0
w -896 -1872 -912 -1872 0
w -1104 -1584 -1104 -1840 0
w -1040 -1552 -1040 -1808 0
w -976 -1488 -976 -1808 0
x -1541 -1700 -1299 -1697 4 16 table\sof\s12-bit\scodes\sfrom\s0\sto\s255
w -1104 -1872 -1120 -1872 0
w -1104 -1904 -1136 -1904 0
w -1152 -1936 -1104 -1936 0
157 -1104 -1936 -1056 -1936 0 7 0 0
x -1435 -1667 -1382 -1664 4 24 RAM
L -1456 -1632 -1488 -1632 0 1 false 5 0
L -1360 -1632 -1360 -1664 0 1 false 5 0
! default 0 D7,D6,D5,D4,D3,D2,D1,D0 A3,A2,A1,A0,B3,B2,B1,B0,C3,C2,C1,C0 custom\slogic 00000000\q000000000000\n00000001\q000000000001\n00000010\q000000000010\n00000011\q000000000011\n00000100\q000000000100\n00000101\q000000000101\n00000110\q000000000110\n00000111\q000000000111\n00001000\q000000001000\n00001001\q000000001001\n00001010\q000000010000\n00001011\q000000010001\n00001100\q000000010010\n00001101\q000000010011\n00001110\q000000010100\n00001111\q000000010101\n00010000\q000000010110\n00010001\q000000010111\n00010010\q000000011000\n00010011\q000000011001\n00010100\q000000100000\n00010101\q000000100001\n00010110\q000000100010\n00010111\q000000100011\n00011000\q000000100100\n00011001\q000000100101\n00011010\q000000100110\n00011011\q000000100111\n00011100\q000000101000\n00011101\q000000101001\n00011110\q000000110000\n00011111\q000000110001\n00100000\q000000110010\n00100001\q000000110011\n00100010\q000000110100\n00100011\q000000110101\n00100100\q000000110110\n00100101\q000000110111\n00100110\q000000111000\n00100111\q000000111001\n00101000\q000001000000\n00101001\q000001000001\n00101010\q000001000010\n00101011\q000001000011\n00101100\q000001000100\n00101101\q000001000101\n00101110\q000001000110\n00101111\q000001000111\n00110000\q000001001000\n00110001\q000001001001\n00110010\q000001010000\n00110011\q000001010001\n00110100\q000001010010\n00110101\q000001010011\n00110110\q000001010100\n00110111\q000001010101\n00111000\q000001010110\n00111001\q000001010111\n00111010\q000001011000\n00111011\q000001011001\n00111100\q000001100000\n00111101\q000001100001\n00111110\q000001100010\n00111111\q000001100011\n01000000\q000001100100\n01000001\q000001100101\n01000010\q000001100110\n01000011\q000001100111\n01000100\q000001101000\n01000101\q000001101001\n01000110\q000001110000\n01000111\q000001110001\n01001000\q000001110010\n01001001\q000001110011\n01001010\q000001110100\n01001011\q000001110101\n01001100\q000001110110\n01001101\q000001110111\n01001110\q000001111000\n01001111\q000001111001\n01010000\q000010000000\n01010001\q000010000001\n01010010\q000010000010\n01010011\q000010000011\n01010100\q000010000100\n01010101\q000010000101\n01010110\q000010000110\n01010111\q000010000111\n01011000\q000010001000\n01011001\q000010001001\n01011010\q000010010000\n01011011\q000010010001\n01011100\q000010010010\n01011101\q000010010011\n01011110\q000010010100\n01011111\q000010010101\n01100000\q000010010110\n01100001\q000010010111\n01100010\q000010011000\n01100011\q000010011001\n01100100\q000100000000\n01100101\q000100000001\n01100110\q000100000010\n01100111\q000100000011\n01101000\q000100000100\n01101001\q000100000101\n01101010\q000100000110\n01101011\q000100000111\n01101100\q000100001000\n01101101\q000100001001\n01101110\q000100010000\n01101111\q000100010001\n01110000\q000100010010\n01110001\q000100010011\n01110010\q000100010100\n01110011\q000100010101\n01110100\q000100010110\n01110101\q000100010111\n01110110\q000100011000\n01110111\q000100011001\n01111000\q000100100000\n01111001\q000100100001\n01111010\q000100100010\n01111011\q000100100011\n01111100\q000100100100\n01111101\q000100100101\n01111110\q000100100110\n01111111\q000100100111\n10000000\q000100101000\n10000001\q000100101001\n10000010\q000100110000\n10000011\q000100110001\n10000100\q000100110010\n10000101\q000100110011\n10000110\q000100110100\n10000111\q000100110101\n10001000\q000100110110\n10001001\q000100110111\n10001010\q000100111000\n10001011\q000100111001\n10001100\q000101000000\n10001101\q000101000001\n10001110\q000101000010\n10001111\q000101000011\n10010000\q000101000100\n10010001\q000101000101\n10010010\q000101000110\n10010011\q000101000111\n10010100\q000101001000\n10010101\q000101001001\n10010110\q000101010000\n10010111\q000101010001\n10011000\q000101010010\n10011001\q000101010011\n10011010\q000101010100\n10011011\q000101010101\n10011100\q000101010110\n10011101\q000101010111\n10011110\q000101011000\n10011111\q000101011001\n10100000\q000101100000\n10100001\q000101100001\n10100010\q000101100010\n10100011\q000101100011\n10100100\q000101100100\n10100101\q000101100101\n10100110\q000101100110\n10100111\q000101100111\n10101000\q000101101000\n10101001\q000101101001\n10101010\q000101110000\n10101011\q000101110001\n10101100\q000101110010\n10101101\q000101110011\n10101110\q000101110100\n10101111\q000101110101\n10110000\q000101110110\n10110001\q000101110111\n10110010\q000101111000\n10110011\q000101111001\n10110100\q000110000000\n10110101\q000110000001\n10110110\q000110000010\n10110111\q000110000011\n10111000\q000110000100\n10111001\q000110000101\n10111010\q000110000110\n10111011\q000110000111\n10111100\q000110001000\n10111101\q000110001001\n10111110\q000110010000\n10111111\q000110010001\n11000000\q000110010010\n11000001\q000110010011\n11000010\q000110010100\n11000011\q000110010101\n11000100\q000110010110\n11000101\q000110010111\n11000110\q000110011000\n11000111\q000110011001\n11001000\q001000000000\n11001001\q001000000001\n11001010\q001000000010\n11001011\q001000000011\n11001100\q001000000100\n11001101\q001000000101\n11001110\q001000000110\n11001111\q001000000111\n11010000\q001000001000\n11010001\q001000001001\n11010010\q001000010000\n11010011\q001000010001\n11010100\q001000010010\n11010101\q001000010011\n11010110\q001000010100\n11010111\q001000010101\n11011000\q001000010110\n11011001\q001000010111\n11011010\q001000011000\n11011011\q001000011001\n11011100\q001000100000\n11011101\q001000100001\n11011110\q001000100010\n11011111\q001000100011\n11100000\q001000100100\n11100001\q001000100101\n11100010\q001000100110\n11100011\q001000100111\n11100100\q001000101000\n11100101\q001000101001\n11100110\q001000110000\n11100111\q001000110001\n11101000\q001000110010\n11101001\q001000110011\n11101010\q001000110100\n11101011\q001000110101\n11101100\q001000110110\n11101101\q001000110111\n11101110\q001000111000\n11101111\q001000111001\n11110000\q001001000000\n11110001\q001001000001\n11110010\q001001000010\n11110011\q001001000011\n11110100\q001001000100\n11110101\q001001000101\n11110110\q001001000110\n11110111\q001001000111\n11111000\q001001001000\n11111001\q001001001001\n11111010\q001001010000\n11111011\q001001010001\n11111100\q001001010010\n11111101\q001001010011\n11111110\q001001010100\n11111111\q001001010101\n
208 -3152 -1648 -3120 -1648 0 default 0 0 0 0 0 0 0 0 5 0 0 0
157 -2800 -1984 -2752 -1984 0 7 0 0
w -2848 -1984 -2800 -1984 0
w -2800 -1952 -2832 -1952 0
w -2800 -1920 -2816 -1920 0
x -3237 -1748 -2995 -1745 4 16 table\sof\s12-bit\scodes\sfrom\s0\sto\s255
w -2672 -1536 -2672 -1856 0
w -2736 -1600 -2736 -1856 0
w -2800 -1632 -2800 -1888 0
w -2592 -1920 -2608 -1920 0
w -2640 -1984 -2592 -1984 0
157 -2592 -1984 -2544 -1984 0 7 0 0
w -2432 -1984 -2432 -1296 0
w -2416 -1280 -2416 -1952 0
w -2400 -1264 -2400 -1920 0
w -2384 -1248 -2384 -1888 0
157 -2384 -1984 -2336 -1984 0 7 0 0
197 -2768 -1520 -2736 -1520 0
197 -2976 -1728 -2928 -1728 0
197 -3056 -1392 -3024 -1392 0
w -3056 -1648 -3024 -1648 0
w -3056 -1552 -2976 -1552 0
w -2976 -1632 -2976 -1552 0
w -2976 -1664 -2992 -1664 0
w -2992 -1664 -2992 -1584 0
w -2992 -1584 -3056 -1584 0
w -3056 -1616 -3008 -1616 0
w -3008 -1616 -3008 -1696 0
w -3008 -1696 -2976 -1696 0
w -3024 -1648 -3024 -1728 0
w -3024 -1728 -2976 -1728 0
w -2848 -1536 -2672 -1536 0
w -2704 -1856 -2704 -1568 0
w -2704 -1568 -2848 -1568 0
w -2736 -1600 -2848 -1600 0
w -2816 -1664 -2816 -1920 0
w -2832 -1952 -2832 -1696 0
w -2848 -1984 -2848 -1728 0
w -3056 -1520 -2768 -1520 0
w -3056 -1488 -2768 -1488 0
w -3056 -1456 -2768 -1456 0
w -3056 -1424 -2768 -1424 0
w -2624 -1952 -2592 -1952 0
w -2608 -1920 -2608 -1456 0
w -2464 -1856 -2464 -1328 0
w -2496 -1360 -2496 -1856 0
w -2528 -1856 -2528 -1392 0
w -2848 -1296 -2432 -1296 0
w -2864 -1280 -2416 -1280 0
w -2400 -1264 -2880 -1264 0
w -2384 -1248 -2896 -1248 0
w -2320 -1856 -2320 -1232 0
w -2320 -1232 -2912 -1232 0
w -2928 -1216 -2288 -1216 0
w -2288 -1856 -2288 -1216 0
w -2928 -1200 -2256 -1200 0
w -2256 -1856 -2256 -1200 0
w -2832 -1696 -2848 -1696 0
w -2848 -1664 -2816 -1664 0
w -2848 -1632 -2800 -1632 0
w -2400 -1920 -2384 -1920 0
w -2416 -1952 -2384 -1952 0
w -2432 -1984 -2384 -1984 0
w -2928 -1232 -2928 -1216 0
w -2928 -1264 -2912 -1264 0
w -2912 -1264 -2912 -1232 0
w -2928 -1296 -2896 -1296 0
w -2896 -1296 -2896 -1248 0
w -2928 -1328 -2880 -1328 0
w -2880 -1328 -2880 -1264 0
w -2928 -1360 -2864 -1360 0
w -2864 -1360 -2864 -1280 0
w -2928 -1392 -2848 -1392 0
w -2848 -1392 -2848 -1296 0
w -2640 -1520 -2640 -1984 0
w -2640 -1488 -2624 -1488 0
w -2624 -1488 -2624 -1952 0
w -2608 -1456 -2640 -1456 0
w -2592 -1888 -2592 -1424 0
w -2592 -1424 -2640 -1424 0
w -2640 -1392 -2528 -1392 0
w -2496 -1360 -2640 -1360 0
w -2464 -1328 -2640 -1328 0
x -3400 -1661 -3180 -1658 4 24 address\sof\sa\snumber
164 -3552 -1648 -3520 -1648 0 8 0 0 0 0 5 0 0 0 false 0
R -3552 -1648 -3600 -1648 1 2 100 2.5 2.5 0 0.5
w -3456 -1648 -3152 -1648 0
w -3152 -1616 -3456 -1616 0
w -3456 -1584 -3152 -1584 0
w -3456 -1552 -3152 -1552 0
w -3456 -1520 -3152 -1520 0
w -3456 -1488 -3152 -1488 0
w -3456 -1456 -3152 -1456 0
w -3456 -1424 -3152 -1424 0
L -3552 -1424 -3600 -1424 0 0 false 5 0
x -3141 -1702 -3064 -1672 4 24 custom\\nRAM
b -3632 -2032 -2164 -1124 0
b -1933 -2028 -488 -1105 0
L -1856 -1248 -1904 -1248 0 0 false 5 0
w -1760 -1248 -1456 -1248 0
w -1760 -1280 -1456 -1280 0
w -1760 -1312 -1456 -1312 0
w -1760 -1344 -1456 -1344 0
w -1760 -1376 -1456 -1376 0
w -1760 -1408 -1456 -1408 0
w -1456 -1440 -1760 -1440 0
w -1760 -1472 -1456 -1472 0
R -1856 -1472 -1904 -1472 1 2 100 2.5 2.5 0 0.5
164 -1856 -1472 -1824 -1472 0 8 0 0 0 0 5 0 0 0 false 0
x -1704 -1485 -1484 -1482 4 24 address\sof\sa\snumber
