$ 1 0.000005 0.08824969025845955 26 5 50 5e-11
w -5248 -3312 -5184 -3312 0
w -5200 -3248 -5248 -3248 0
w -5248 -3184 -5216 -3184 0
w -5248 -3120 -5232 -3120 0
x -5441 -3435 -5247 -3432 4 38 Instructions
b -5559 -3480 -5153 -2910 0
w -5248 -2992 -5248 -3008 0
w -5376 -3120 -5376 -3184 0
w -5392 -3328 -5392 -3392 0
w -5344 -3392 -5392 -3392 0
w -5344 -3376 -5376 -3376 0
w -5344 -3360 -5488 -3360 0
w -5344 -3328 -5392 -3328 0
w -5344 -3312 -5504 -3312 0
w -5344 -3296 -5360 -3296 0
w -5488 -3168 -5488 -3232 0
w -5344 -3232 -5488 -3232 0
w -5344 -3248 -5504 -3248 0
w -5392 -3264 -5392 -3328 0
w -5344 -3264 -5392 -3264 0
w -5344 -3200 -5520 -3200 0
w -5376 -3184 -5376 -3376 0
w -5344 -3184 -5376 -3184 0
w -5360 -3168 -5360 -3296 0
w -5344 -3168 -5360 -3168 0
w -5520 -3136 -5520 -3200 0
w -5344 -3136 -5520 -3136 0
w -5376 -2944 -5376 -3120 0
w -5344 -3120 -5376 -3120 0
w -5488 -3104 -5488 -3168 0
w -5344 -3104 -5488 -3104 0
w -5504 -3056 -5504 -3248 0
w -5520 -3072 -5520 -3136 0
w -5520 -3008 -5520 -3072 0
w -5344 -3072 -5520 -3072 0
w -5488 -2976 -5488 -3104 0
w -5504 -2992 -5504 -3056 0
w -5344 -3056 -5504 -3056 0
w -5360 -3168 -5360 -3040 0
w -5344 -3040 -5360 -3040 0
w -5344 -3008 -5520 -3008 0
w -5344 -2992 -5504 -2992 0
w -5344 -2976 -5488 -2976 0
w -5408 -2960 -5392 -2960 0
w -5504 -2944 -5456 -2944 0
x -5438 -3409 -5217 -3406 4 24 3\sbit\sdecoder\s(3\sto\s8)
w -5360 -2928 -5360 -3040 0
w -5392 -2960 -5392 -3264 0
w -5488 -3232 -5488 -3360 0
w -5488 -2928 -5488 -2976 0
w -5504 -3248 -5504 -3312 0
w -5504 -2944 -5504 -2992 0
w -5520 -2960 -5520 -3008 0
x -5555 -2966 -5535 -2925 4 16 D2\\nD1\\nD0
w -5392 -2944 -5376 -2944 0
w -5424 -2928 -5488 -2928 0
w -5520 -2960 -5472 -2960 0
150 -5344 -2992 -5248 -2992 0 3 0 5
150 -5344 -3056 -5248 -3056 0 3 0 5
150 -5344 -3120 -5248 -3120 0 3 0 5
150 -5344 -3184 -5248 -3184 0 3 0 5
150 -5344 -3248 -5248 -3248 0 3 0 5
150 -5344 -3312 -5248 -3312 0 3 0 5
150 -5344 -3376 -5248 -3376 0 3 0 5
I -5472 -2960 -5408 -2960 0 0.5 5
I -5424 -2928 -5360 -2928 0 0.5 5
I -5456 -2944 -5392 -2944 0 0.5 5
w -5520 -2960 -5616 -2960 0
w -5504 -2944 -5600 -2944 0
w -5488 -2928 -5584 -2928 0
180 -4736 -2992 -4640 -2992 0 0.1 10000000000 100000000 5
w -5648 -2848 -5520 -2848 0
w -5648 -2832 -5520 -2832 0
w -5648 -2816 -5520 -2816 0
w -5648 -2800 -5520 -2800 0
w -5648 -2864 -5472 -2864 0
w -5648 -2752 -5520 -2752 0
w -5648 -2768 -5520 -2768 0
w -5648 -2784 -5520 -2784 0
152 -5408 -2864 -5328 -2864 0 2 0 5
152 -5328 -2848 -5248 -2848 0 2 0 5
w -5328 -2832 -5424 -2832 0
152 -5392 -2768 -5312 -2768 0 2 0 5
152 -5312 -2752 -5216 -2752 0 2 0 5
w -5424 -2832 -5424 -2816 0
w -5424 -2816 -5520 -2816 0
w -5408 -2848 -5440 -2848 0
w -5440 -2848 -5440 -2832 0
w -5440 -2832 -5520 -2832 0
w -5520 -2848 -5456 -2848 0
w -5456 -2848 -5456 -2880 0
w -5456 -2880 -5408 -2880 0
w -5520 -2784 -5392 -2784 0
w -5520 -2768 -5392 -2768 0
w -5392 -2752 -5392 -2768 0
w -5312 -2736 -5408 -2736 0
w -5408 -2752 -5408 -2736 0
w -5408 -2752 -5520 -2752 0
w -5520 -2800 -5248 -2800 0
152 -5248 -2832 -5136 -2832 0 2 0 5
w -5248 -2800 -5248 -2816 0
152 -5136 -2816 -5056 -2816 0 2 0 5
w -5216 -2752 -5136 -2752 0
w -5136 -2800 -5136 -2752 0
153 -5056 -2848 -4976 -2848 0 2 0 5
w -5056 -2816 -5056 -2832 0
153 -4928 -2752 -4848 -2752 0 2 0 5
180 -4736 -2944 -4640 -2944 0 0.1 10000000000 100000000 5
180 -4736 -2896 -4640 -2896 0 0.1 10000000000 100000000 5
180 -4736 -2752 -4640 -2752 0 0.1 10000000000 100000000 5
180 -4736 -2800 -4640 -2800 0 0.1 10000000000 100000000 5
180 -4736 -2848 -4640 -2848 0 0.1 10000000000 100000000 5
180 -4736 -3040 -4640 -3040 0 0.1 10000000000 100000000 5
w -4976 -2768 -4928 -2768 0
w -4928 -2720 -4928 -2736 0
w -4848 -2752 -4736 -2752 0
w -4640 -3040 -4640 -2992 0
w -4640 -2992 -4640 -2944 0
w -4640 -2944 -4640 -2896 0
w -4640 -2896 -4640 -2848 0
w -4640 -2848 -4640 -2800 0
w -4640 -2800 -4640 -2752 0
w -4640 -2752 -4608 -2752 0
M -4608 -2752 -4544 -2752 0 2.5
I -4960 -2800 -4896 -2800 0 0.5 5
w -4960 -2720 -4928 -2720 0
w -4960 -2720 -4960 -2800 0
w -4960 -2800 -4960 -2896 0
w -4736 -2992 -4960 -2992 0
w -4736 -3040 -4976 -3040 0
w -4976 -2848 -4976 -2960 0
152 -4944 -2944 -4848 -2944 0 2 0 5
w -4960 -2992 -4960 -2928 0
w -4976 -2960 -4944 -2960 0
w -4976 -2960 -4976 -3040 0
I -4944 -2848 -4880 -2848 0 0.5 5
w -4944 -2848 -4976 -2848 0
w -4976 -2848 -4976 -2768 0
w -4896 -2800 -4736 -2800 0
w -4880 -2848 -4736 -2848 0
w -4960 -2928 -4944 -2928 0
w -4848 -2944 -4736 -2944 0
L -5616 -2960 -5648 -2960 0 0 false 5 0
L -5600 -2944 -5648 -2944 0 0 false 5 0
L -5584 -2928 -5648 -2928 0 1 false 5 0
w -5072 -3008 -4832 -3008 0
w -4832 -3008 -4832 -2736 0
w -4832 -2736 -4688 -2736 0
w -5248 -3024 -4816 -3024 0
w -4816 -3024 -4816 -2784 0
w -4816 -2784 -4688 -2784 0
w -5248 -3056 -5248 -3024 0
w -5248 -3008 -5072 -3008 0
w -5232 -3120 -5232 -3056 0
w -5232 -3056 -4800 -3056 0
w -4800 -3056 -4800 -2832 0
w -4800 -2832 -4688 -2832 0
w -5216 -3184 -5216 -3072 0
w -5216 -3072 -4784 -3072 0
w -4784 -3072 -4784 -2896 0
w -4784 -2896 -4736 -2896 0
w -4784 -2896 -4784 -2880 0
w -4784 -2880 -4688 -2880 0
w -5200 -3248 -5200 -3088 0
w -5200 -3088 -4768 -3088 0
w -4768 -3088 -4768 -2928 0
w -4768 -2928 -4688 -2928 0
w -5184 -3312 -5184 -3104 0
w -5184 -3104 -4752 -3104 0
w -4752 -3104 -4752 -2976 0
w -4752 -2976 -4688 -2976 0
w -5248 -3376 -5168 -3376 0
w -5168 -3376 -5168 -3120 0
w -5168 -3120 -4736 -3120 0
w -4736 -3120 -4736 -3024 0
w -4736 -3024 -4688 -3024 0
b -5561 -3561 -4620 -2702 0
x -5221 -3508 -4995 -3505 4 48 Conditions
L -5648 -2848 -5712 -2848 0 0 false 5 0
L -5648 -2832 -5712 -2832 0 0 false 5 0
L -5648 -2816 -5712 -2816 0 0 false 5 0
L -5648 -2800 -5712 -2800 0 0 false 5 0
L -5648 -2784 -5712 -2784 0 0 false 5 0
L -5648 -2768 -5712 -2768 0 0 false 5 0
L -5648 -2752 -5712 -2752 0 0 false 5 0
L -5648 -2864 -5712 -2864 0 0 false 5 0
w -5472 -2864 -5472 -2896 0
w -5472 -2896 -5056 -2896 0
w -5056 -2896 -5056 -2864 0
w -5056 -2896 -4960 -2896 0
w -4960 -2928 -4960 -2896 0
x -5112 -3144 -5042 -2988 4 14 000\snever\\n001\s\q\q\s0\\n010\s<\s0\\n011\s≤\s0\\n100\salways\\n101\s!\q\s0\\n\\n110\s≥\s0\\n111\s>\s0\\n
x -5543 -2868 -5497 -2753 4 13 D7\s-128\\nD6\\nD5\\nD4\\nD3\\nD2\\nD1\\nD0
