$ 1 0.000005 7.010541234668786 26 5 50 5e-11
x -2794 -3267 -2722 -3264 4 24 Output
155 -3088 -2624 -3040 -2624 2 0
w -3136 -2720 -3136 -2592 0
w -2992 -2624 -2768 -2624 0
155 -3088 -2752 -3040 -2752 2 0
w -3136 -2848 -3136 -2720 0
155 -3088 -2880 -3040 -2880 2 0
w -3136 -2976 -3136 -2848 0
w -2992 -2880 -2800 -2880 0
155 -3088 -3008 -3040 -3008 2 0
w -3136 -3104 -3136 -2976 0
w -2992 -3008 -2816 -3008 0
155 -3088 -3136 -3040 -3136 2 0
w -3136 -3232 -3136 -3104 0
w -2992 -3136 -2832 -3136 0
155 -3088 -3264 -3040 -3264 2 0
w -3136 -3360 -3136 -3232 0
w -2992 -3264 -2832 -3264 0
w -2992 -3392 -2816 -3392 0
w -3136 -3488 -3136 -3360 0
155 -3088 -3392 -3040 -3392 2 0
x -3076 -3566 -3019 -3563 4 12 D-TRIGER
w -3136 -3680 -3216 -3680 0
w -3136 -3488 -3136 -3680 0
x -3200 -3694 -3138 -3691 4 18 CLOCK
w -2976 -3408 -2976 -3520 0
155 -3088 -3520 -3040 -3520 2 0
R -3216 -3680 -3296 -3680 1 2 100 2.5 2.5 0 0.5
w -2624 -3120 -2720 -3120 0
b -2713 -3264 -1696 -2533 0
x -2311 -3241 -2123 -3238 4 28 Full\sAdder\s8\sbit
x -1909 -3153 -1868 -3150 4 12 CARRY
M -1856 -3104 -1856 -3152 0 2.5
w -2624 -2656 -2624 -3120 0
w -2528 -3136 -2608 -3136 0
w -2528 -2720 -2528 -3136 0
w -2432 -3152 -2720 -3152 0
w -2432 -2784 -2432 -3152 0
w -2336 -3168 -2720 -3168 0
w -2336 -2848 -2336 -3168 0
w -2240 -3184 -2720 -3184 0
w -2240 -2912 -2240 -3184 0
w -2144 -3200 -2720 -3200 0
w -2144 -2976 -2144 -3200 0
w -2048 -3216 -2048 -3040 0
w -2720 -3216 -2048 -3216 0
w -1952 -3232 -1952 -3104 0
w -2720 -3232 -1952 -3232 0
w -2528 -2592 -1728 -2592 0
w -2432 -2656 -1744 -2656 0
w -2336 -2720 -1760 -2720 0
w -2240 -2784 -1776 -2784 0
w -2144 -2848 -1792 -2848 0
w -2048 -2912 -1808 -2912 0
w -1952 -2976 -1824 -2976 0
w -1856 -3040 -1840 -3040 0
196 -1952 -3104 -1888 -3104 2 1
196 -2048 -3040 -1984 -3040 2 1
196 -2144 -2976 -2080 -2976 2 1
196 -2240 -2912 -2176 -2912 2 1
196 -2336 -2848 -2272 -2848 2 1
196 -2432 -2784 -2368 -2784 2 1
w -2720 -3136 -2608 -3136 0
196 -2528 -2720 -2464 -2720 2 1
196 -2624 -2656 -2560 -2656 2 1
x -2693 -2607 -2635 -2604 4 12 CARRY\s\p1
L -2624 -2592 -2672 -2592 0 1 false 5 0
w -2800 -3408 -2800 -3232 0
w -2800 -3232 -2720 -3232 0
w -2816 -3392 -2816 -3216 0
w -2816 -3216 -2720 -3216 0
w -2832 -3264 -2832 -3200 0
w -2832 -3200 -2720 -3200 0
w -2832 -3184 -2832 -3136 0
w -2832 -3184 -2720 -3184 0
w -2816 -3008 -2816 -3168 0
w -2816 -3168 -2720 -3168 0
w -2800 -2880 -2800 -3152 0
w -2800 -3152 -2720 -3152 0
w -2992 -2752 -2784 -2752 0
w -2784 -2752 -2784 -3136 0
w -2784 -3136 -2720 -3136 0
w -2768 -2624 -2768 -3120 0
w -2768 -3120 -2720 -3120 0
x -2695 -3235 -2680 -3120 4 13 A7\\nA6\\nA5\\nA4\\nA3\\nA2\\nA1\\nA0
w -2544 -3680 -2544 -3824 0
w -2256 -3760 -2256 -4000 0
w -2272 -3760 -2272 -4000 0
w -2288 -3760 -2288 -4000 0
w -2304 -3760 -2304 -4000 0
w -2320 -3760 -2320 -4000 0
w -2336 -3760 -2336 -4000 0
w -2352 -3760 -2352 -4000 0
w -2368 -3760 -2368 -4000 0
x -2599 -3419 -2527 -3416 4 24 Output
x -2127 -3724 -1721 -3682 4 36 8\sbit\sMultuplexers\s(MUX)\s\\nTri-state\sbuffer
b -2605 -3767 -1695 -3267 0
x -2503 -3691 -2445 -3688 4 18 Control
w -2544 -3568 -2048 -3568 0
w -2544 -3680 -2544 -3632 0
w -2512 -3680 -2544 -3680 0
I -2544 -3632 -2544 -3568 0 0.5 5
w -2144 -3568 -2144 -3440 0
w -2192 -3568 -2192 -3456 0
w -2240 -3568 -2240 -3472 0
w -2288 -3568 -2288 -3488 0
w -2128 -3600 -2128 -3584 0
w -2176 -3584 -2128 -3584 0
w -2176 -3600 -2176 -3584 0
w -2224 -3584 -2176 -3584 0
w -2224 -3600 -2224 -3584 0
w -2272 -3584 -2224 -3584 0
w -2272 -3600 -2272 -3584 0
w -2320 -3584 -2272 -3584 0
w -2320 -3600 -2320 -3584 0
w -2368 -3584 -2320 -3584 0
w -2368 -3600 -2368 -3584 0
w -2416 -3584 -2368 -3584 0
w -2416 -3600 -2416 -3584 0
w -2464 -3584 -2416 -3584 0
w -2464 -3600 -2464 -3584 0
w -2512 -3584 -2464 -3584 0
w -2512 -3680 -2512 -3584 0
w -2624 -3440 -2144 -3440 0
w -2640 -3456 -2192 -3456 0
w -2656 -3472 -2240 -3472 0
w -2672 -3488 -2288 -3488 0
w -2336 -3568 -2336 -3504 0
w -2688 -3504 -2336 -3504 0
w -2384 -3568 -2384 -3520 0
w -2704 -3520 -2384 -3520 0
w -2432 -3568 -2432 -3536 0
w -2720 -3536 -2432 -3536 0
w -2480 -3568 -2480 -3552 0
x -2139 -3316 -2066 -3313 4 24 Input\s0
w -2240 -3648 -2240 -3632 0
w -2288 -3648 -2240 -3648 0
w -2288 -3760 -2288 -3648 0
w -2192 -3664 -2192 -3632 0
w -2272 -3664 -2192 -3664 0
w -2272 -3760 -2272 -3664 0
w -2144 -3680 -2144 -3632 0
w -2256 -3680 -2144 -3680 0
w -2304 -3632 -2288 -3632 0
w -2304 -3760 -2304 -3632 0
w -2320 -3632 -2336 -3632 0
w -2320 -3760 -2320 -3632 0
w -2384 -3648 -2384 -3632 0
w -2336 -3648 -2384 -3648 0
w -2336 -3760 -2336 -3648 0
w -2432 -3664 -2432 -3632 0
w -2352 -3664 -2432 -3664 0
w -2352 -3760 -2352 -3664 0
w -2368 -3680 -2480 -3680 0
w -2480 -3680 -2480 -3632 0
180 -2144 -3632 -2144 -3568 3 0.1 10000000000 100000000 5
180 -2288 -3632 -2288 -3568 3 0.1 10000000000 100000000 5
180 -2240 -3632 -2240 -3568 3 0.1 10000000000 100000000 5
180 -2192 -3632 -2192 -3568 3 0.1 10000000000 100000000 5
180 -2336 -3632 -2336 -3568 3 0.1 10000000000 100000000 5
180 -2384 -3632 -2384 -3568 3 0.1 10000000000 100000000 5
180 -2432 -3632 -2432 -3568 3 0.1 10000000000 100000000 5
180 -2480 -3632 -2480 -3568 3 0.1 10000000000 100000000 5
x -2247 -3741 -2174 -3738 4 24 Input\s1
w -2064 -3424 -2064 -3552 0
w -2064 -3552 -2480 -3552 0
w -2432 -3536 -2016 -3536 0
w -2016 -3536 -2016 -3424 0
w -2384 -3520 -1968 -3520 0
w -1968 -3520 -1968 -3424 0
w -2336 -3504 -1920 -3504 0
w -1920 -3504 -1920 -3424 0
w -2288 -3488 -1872 -3488 0
w -1872 -3488 -1872 -3424 0
w -2240 -3472 -1824 -3472 0
w -1824 -3472 -1824 -3424 0
w -2192 -3456 -1776 -3456 0
w -1776 -3456 -1776 -3424 0
w -2144 -3440 -1728 -3440 0
w -2048 -3568 -2048 -3408 0
w -2032 -3408 -2000 -3408 0
w -2000 -3408 -2000 -3392 0
w -2000 -3408 -1952 -3408 0
w -1904 -3408 -1856 -3408 0
w -1856 -3408 -1808 -3408 0
w -1760 -3408 -1712 -3408 0
w -2368 -3680 -2368 -3760 0
w -2256 -3680 -2256 -3760 0
w -1840 -3040 -1840 -3264 0
w -1824 -2976 -1824 -3280 0
w -1808 -2912 -1808 -3264 0
w -1792 -2848 -1792 -3264 0
w -1776 -2784 -1776 -3264 0
w -1760 -2720 -1760 -3264 0
w -1744 -2656 -1744 -3264 0
w -1728 -2592 -1728 -3264 0
w -1728 -3264 -1728 -3360 0
w -1728 -3440 -1728 -3424 0
w -1744 -3264 -1744 -3360 0
w -1744 -3360 -1776 -3360 0
w -1760 -3264 -1760 -3344 0
w -1760 -3344 -1824 -3344 0
w -1824 -3344 -1824 -3360 0
w -1776 -3264 -1776 -3328 0
w -1776 -3328 -1872 -3328 0
w -1872 -3328 -1872 -3360 0
w -1792 -3264 -1792 -3312 0
w -1792 -3312 -1920 -3312 0
w -1920 -3312 -1920 -3360 0
w -1808 -3264 -1808 -3296 0
w -1808 -3296 -1968 -3296 0
w -1968 -3296 -1968 -3360 0
w -1824 -3280 -2016 -3280 0
w -2016 -3280 -2016 -3360 0
w -1840 -3264 -2064 -3264 0
w -2064 -3264 -2064 -3360 0
L -2368 -4000 -2368 -4048 0 0 false 5 0
L -2352 -4000 -2352 -4048 0 0 false 5 0
L -2336 -4000 -2336 -4048 0 1 false 5 0
L -2320 -4000 -2320 -4048 0 0 false 5 0
L -2304 -4000 -2304 -4048 0 0 false 5 0
L -2288 -4000 -2288 -4048 0 0 false 5 0
L -2272 -4000 -2272 -4048 0 0 false 5 0
L -2256 -4000 -2256 -4048 0 0 false 5 0
M -2736 -4000 -2736 -4048 0 2.5
M -2720 -4000 -2720 -4048 0 2.5
M -2704 -4000 -2704 -4048 0 2.5
M -2688 -4000 -2688 -4048 0 2.5
M -2672 -4000 -2672 -4048 0 2.5
M -2656 -4000 -2656 -4048 0 2.5
M -2640 -4000 -2640 -4048 0 2.5
M -2624 -4000 -2624 -4048 0 2.5
L -2544 -3824 -2544 -4048 0 0 false 5 0
w -2736 -3552 -3088 -3552 0
w -2976 -3408 -2800 -3408 0
w -2992 -3520 -2976 -3520 0
w -2720 -3536 -2944 -3536 0
w -2944 -3536 -2944 -3424 0
w -2704 -3520 -2928 -3520 0
w -2928 -3520 -2928 -3296 0
w -2688 -3504 -2912 -3504 0
w -2912 -3504 -2912 -3168 0
w -2672 -3488 -2896 -3488 0
w -2896 -3488 -2896 -3040 0
w -2656 -3472 -2880 -3472 0
w -2880 -3472 -2880 -2912 0
w -2640 -3456 -2864 -3456 0
w -2864 -3456 -2864 -2784 0
w -2624 -3440 -2848 -3440 0
w -2848 -3440 -2848 -2656 0
w -3088 -3552 -3088 -3520 0
w -3088 -3456 -3104 -3456 0
w -3104 -3456 -3104 -3328 0
w -3088 -3328 -3104 -3328 0
w -2944 -3424 -3088 -3424 0
w -3088 -2592 -3136 -2592 0
w -3088 -2720 -3136 -2720 0
w -3088 -2848 -3136 -2848 0
w -3088 -2976 -3136 -2976 0
w -3088 -3104 -3136 -3104 0
w -3088 -3232 -3136 -3232 0
w -3088 -3360 -3136 -3360 0
w -3088 -3488 -3136 -3488 0
w -3088 -3424 -3088 -3392 0
w -2928 -3296 -3088 -3296 0
w -3088 -3296 -3088 -3264 0
w -3104 -3456 -3104 -3728 0
w -3104 -3328 -3104 -3200 0
w -3104 -3200 -3088 -3200 0
w -3104 -3200 -3104 -3072 0
w -3104 -3072 -3088 -3072 0
w -2912 -3168 -3088 -3168 0
w -3088 -3168 -3088 -3136 0
w -2896 -3040 -3088 -3040 0
w -3088 -3040 -3088 -3008 0
w -3104 -3072 -3104 -2944 0
w -3104 -2944 -3088 -2944 0
w -2880 -2912 -3088 -2912 0
w -3088 -2912 -3088 -2880 0
w -3104 -2944 -3104 -2816 0
w -3104 -2816 -3088 -2816 0
w -2864 -2784 -3088 -2784 0
w -3088 -2784 -3088 -2752 0
w -3104 -2816 -3104 -2688 0
w -3104 -2688 -3088 -2688 0
w -3104 -2688 -3104 -2560 0
w -3104 -2560 -3088 -2560 0
w -2848 -2656 -3088 -2656 0
w -3088 -2656 -3088 -2624 0
x -3131 -3804 -3071 -3801 4 18 RESET
L -3104 -3728 -3104 -3776 0 0 false 5 0
w -2736 -4000 -2736 -3552 0
w -2736 -3552 -2480 -3552 0
w -2720 -4000 -2720 -3536 0
w -2704 -4000 -2704 -3520 0
w -2688 -4000 -2688 -3504 0
w -2672 -4000 -2672 -3488 0
w -2656 -4000 -2656 -3472 0
w -2640 -4000 -2640 -3456 0
w -2624 -4000 -2624 -3440 0
x -2735 -4090 -2663 -4087 4 24 Output
x -2381 -4094 -2215 -4064 4 24 Overwrite\svalue\\n(instruction)
x -2589 -4093 -2463 -4063 4 24 Increment\s0\\nOverwrite\s1
b -3208 -4216 -1613 -2512 0
x -2899 -4159 -1952 -4156 4 50 Program\sCounter\s(PC):\sControlled\sCounter
180 -2064 -3360 -2064 -3424 0 0.1 10000000000 100000000 5
180 -2016 -3360 -2016 -3424 0 0.1 10000000000 100000000 5
180 -1968 -3360 -1968 -3424 0 0.1 10000000000 100000000 5
180 -1872 -3360 -1872 -3424 0 0.1 10000000000 100000000 5
180 -1824 -3360 -1824 -3424 0 0.1 10000000000 100000000 5
w -2048 -3408 -2048 -3392 0
w -2048 -3408 -2032 -3408 0
w -1952 -3408 -1952 -3392 0
w -1904 -3408 -1952 -3408 0
w -1856 -3408 -1856 -3392 0
w -1808 -3408 -1808 -3392 0
w -1808 -3408 -1760 -3408 0
180 -1920 -3360 -1920 -3424 0 0.1 10000000000 100000000 5
180 -1776 -3360 -1776 -3424 0 0.1 10000000000 100000000 5
180 -1728 -3360 -1728 -3424 0 0.1 10000000000 100000000 5
w -1712 -3408 -1712 -3392 0
w -1760 -3392 -1760 -3408 0
w -1904 -3408 -1904 -3392 0
