$ 1 0.000005 10.20027730826997 50 5 50 5e-11
L 800 -16 752 -16 0 0 false 5 0
M 1104 32 1200 32 0 2.5
x 831 -45 1005 -42 4 24 (A\s||\sB)\s||\s(B\s||\sC)
L 800 32 752 32 0 0 false 5 0
x 711 -9 727 -6 4 24 A
x 712 38 728 41 4 24 B
152 864 0 976 0 0 2 0 5
152 864 64 976 64 0 2 0 5
152 992 32 1104 32 0 2 0 5
w 976 0 992 16 0
w 976 64 992 48 0
x 713 87 730 90 4 24 C
L 800 80 752 80 0 0 false 5 0
w 800 -16 864 -16 0
w 864 16 800 16 0
w 800 16 800 32 0
w 864 48 800 48 0
w 800 32 800 48 0
w 800 80 864 80 0
152 848 -128 960 -128 0 2 0 5
L 784 -176 736 -176 0 0 false 5 0
L 848 -144 736 -144 0 0 false 5 0
L 848 -112 736 -112 0 0 false 5 0
x 700 -170 716 -167 4 24 A
x 699 -137 715 -134 4 24 B
x 697 -105 714 -102 4 24 C
152 960 -144 1072 -144 0 2 0 5
w 944 -176 784 -176 0
M 1072 -144 1200 -144 0 2.5
x 827 -195 959 -192 4 24 (A\s||\s(B\s||\sC))
w 944 -176 960 -160 0
