$ 1 0.000005 10.20027730826997 50 5 50 5e-11
x 878 199 1000 202 4 24 Coder\s(CD)
L 784 320 784 272 0 0 false 5 0
L 800 320 800 272 0 0 false 5 0
L 816 320 816 272 0 1 false 5 0
L 832 320 832 272 0 0 false 5 0
L 896 320 896 272 0 0 false 5 0
L 880 320 880 272 0 0 false 5 0
L 864 320 864 272 0 0 false 5 0
L 848 320 848 272 0 0 false 5 0
152 976 416 1072 416 0 2 0 5
152 976 512 1072 512 0 4 5 5
152 976 624 1072 624 0 4 5 5
152 976 736 1072 736 0 5 5 5
x 729 260 929 263 4 19 Input\s9\s8\s7\s6\s5\s4\s3\s2\s1\s0
L 912 320 912 272 0 0 false 5 0
x 1054 405 1067 408 4 24 3
x 1061 504 1074 507 4 24 2
x 1058 612 1071 615 4 24 1
x 1064 723 1077 726 4 24 0
w 976 400 784 400 0
x 1288 440 1384 767 4 24 \sN\s|\s3210\\n\s-----------\\n\s0\s|\s0000\\n\s1\s|\s0001\\n\s2\s|\s0010\\n\s3\s|\s0011\\n\s4\s|\s0100\\n\s5\s|\s0101\\n\s6\s|\s0110\\n\s7\s|\s0111\\n\s8\s|\s1000\\n\s9\s|\s1001\\n
w 784 320 784 400 0
w 800 320 800 432 0
w 800 432 976 432 0
w 864 320 864 480 0
w 864 480 976 480 0
w 976 496 848 496 0
w 848 320 848 496 0
w 976 528 832 528 0
w 832 320 832 528 0
w 976 544 816 544 0
w 816 320 816 544 0
w 976 592 896 592 0
w 976 608 880 608 0
w 896 320 896 592 0
w 880 320 880 608 0
w 832 528 832 640 0
w 976 640 832 640 0
w 816 544 816 656 0
w 976 656 816 656 0
w 912 320 912 704 0
w 912 704 976 704 0
w 880 608 880 720 0
w 880 720 976 720 0
w 848 496 848 736 0
w 848 736 976 736 0
w 976 752 816 752 0
w 816 656 816 752 0
w 976 768 784 768 0
w 784 400 784 768 0
M 1072 416 1136 416 0 2.5
M 1072 512 1136 512 0 2.5
M 1072 624 1136 624 0 2.5
M 1072 736 1136 736 0 2.5
x 989 373 1145 376 4 20 bit\sposition\soutput
