$ 1 0.000005 10.20027730826997 50 5 50 5e-11
x 815 379 960 850 4 36 \sN\s|\s3210\\n\s-----------\\n\s0\s|\s0000\\n\s1\s|\s0001\\n\s2\s|\s0010\\n\s3\s|\s0011\\n\s4\s|\s0100\\n\s5\s|\s0101\\n\s6\s|\s0110\\n\s7\s|\s0111\\n\s8\s|\s1000\\n\s9\s|\s1001\\n
x 302 215 450 218 4 24 Decoder\s(DC)
150 528 400 624 400 0 4 0 5
L 320 336 320 288 0 0 false 5 0
L 336 336 336 288 0 1 false 5 0
L 352 336 352 288 0 1 false 5 0
L 368 336 368 288 0 1 false 5 0
x 265 276 370 279 4 19 Input\s3\s2\s1\s0
150 528 512 624 512 0 4 0 5
w 528 368 320 368 0
w 320 336 320 368 0
x 608 382 621 385 4 24 9
w 528 384 464 384 0
I 416 384 464 384 0 0.5 5
w 416 384 336 384 0
w 336 336 336 384 0
I 448 416 496 416 0 0.5 5
w 496 416 528 416 0
w 448 416 352 416 0
w 352 336 352 416 0
w 368 336 368 432 0
w 528 432 368 432 0
M 624 400 672 400 0 2.5
x 475 363 528 366 4 24 1001
x 476 476 529 479 4 24 1000
w 528 480 320 480 0
w 320 368 320 480 0
w 336 384 336 496 0
w 352 416 352 528 0
w 368 432 368 544 0
I 416 496 464 496 0 0.5 5
I 448 528 496 528 0 0.5 5
I 480 544 528 544 0 0.5 5
w 496 528 528 528 0
w 464 496 528 496 0
w 336 496 416 496 0
w 352 528 448 528 0
w 368 544 480 544 0
150 528 624 624 624 0 4 5 5
x 481 588 530 591 4 24 0111
x 610 491 623 494 4 24 8
x 608 606 621 609 4 24 7
I 384 592 432 592 0 0.5 5
w 384 592 320 592 0
w 320 480 320 592 0
w 336 496 336 608 0
w 528 608 336 608 0
w 352 528 352 640 0
w 352 640 528 640 0
w 368 544 368 656 0
w 368 656 528 656 0
M 624 512 672 512 0 2.5
M 624 624 672 624 0 2.5
w 528 592 432 592 0
150 528 736 624 736 0 4 0 5
x 477 701 528 704 4 24 0110
x 609 724 622 727 4 24 6
M 624 736 672 736 0 2.5
I 384 704 432 704 0 0.5 5
I 480 768 528 768 0 0.5 5
w 528 704 432 704 0
w 528 720 336 720 0
w 320 592 320 704 0
w 384 704 320 704 0
w 336 608 336 720 0
w 352 640 352 752 0
w 352 752 528 752 0
w 368 656 368 768 0
w 368 768 480 768 0
150 528 848 624 848 0 4 0 5
x 606 833 619 836 4 24 5
x 476 812 529 815 4 24 0101
I 384 816 432 816 0 0.5 5
I 448 864 496 864 0 0.5 5
w 496 864 528 864 0
w 528 816 432 816 0
w 320 704 320 816 0
w 320 816 384 816 0
w 336 720 336 832 0
w 336 832 528 832 0
w 352 752 352 864 0
w 352 864 448 864 0
w 368 768 368 880 0
w 368 880 528 880 0
150 528 960 624 960 0 4 0 5
x 608 949 621 952 4 24 4
x 476 926 529 929 4 24 0100
I 384 928 432 928 0 0.5 5
w 432 928 528 928 0
w 320 816 320 928 0
w 320 928 384 928 0
w 336 832 336 944 0
w 336 944 528 944 0
w 352 864 352 976 0
w 352 976 448 976 0
I 448 976 496 976 0 0.5 5
w 496 976 528 976 0
I 480 992 528 992 0 0.5 5
w 480 992 368 992 0
w 368 880 368 992 0
150 528 1072 624 1072 0 4 0 5
x 607 1058 620 1061 4 24 3
x 476 1035 527 1038 4 24 0011
I 384 1040 432 1040 0 0.5 5
I 416 1056 464 1056 0 0.5 5
w 320 928 320 1040 0
w 320 1040 384 1040 0
w 336 944 336 1056 0
w 336 1056 416 1056 0
w 352 976 352 1088 0
w 352 1088 528 1088 0
w 368 992 368 1104 0
w 368 1104 528 1104 0
w 464 1056 528 1056 0
w 432 1040 528 1040 0
150 528 1184 624 1184 0 4 0 5
x 608 1171 621 1174 4 24 2
M 624 848 672 848 0 2.5
M 624 960 672 960 0 2.5
M 624 1072 672 1072 0 2.5
M 624 1184 672 1184 0 2.5
x 480 1148 533 1151 4 24 0010
w 320 1040 320 1152 0
I 384 1152 432 1152 0 0.5 5
I 416 1168 464 1168 0 0.5 5
I 480 1216 528 1216 0 0.5 5
w 320 1152 384 1152 0
w 432 1152 528 1152 0
w 528 1168 464 1168 0
w 336 1056 336 1168 0
w 336 1168 416 1168 0
w 528 1200 352 1200 0
w 352 1088 352 1200 0
w 368 1104 368 1216 0
w 368 1216 480 1216 0
150 528 1296 624 1296 0 4 0 5
x 608 1283 621 1286 4 24 1
x 475 1259 528 1262 4 24 0001
I 384 1264 432 1264 0 0.5 5
I 416 1280 464 1280 0 0.5 5
I 448 1312 496 1312 0 0.5 5
w 496 1312 528 1312 0
w 528 1280 464 1280 0
w 528 1264 432 1264 0
w 320 1152 320 1264 0
w 320 1264 384 1264 0
w 336 1168 336 1280 0
w 336 1280 416 1280 0
w 352 1200 352 1312 0
w 352 1312 448 1312 0
w 528 1328 368 1328 0
w 368 1216 368 1328 0
150 528 1408 624 1408 0 4 0 5
x 609 1398 622 1401 4 24 0
I 480 1440 528 1440 0 0.5 5
w 368 1328 368 1440 0
w 368 1440 480 1440 0
I 384 1376 432 1376 0 0.5 5
w 384 1376 320 1376 0
w 320 1264 320 1376 0
w 432 1376 528 1376 0
I 416 1392 464 1392 0 0.5 5
w 464 1392 528 1392 0
I 448 1424 496 1424 0 0.5 5
w 496 1424 528 1424 0
w 416 1392 336 1392 0
w 336 1280 336 1392 0
w 352 1312 352 1424 0
w 352 1424 448 1424 0
x 491 1370 544 1373 4 24 0000
M 624 1296 672 1296 0 2.5
M 624 1408 672 1408 0 2.5
M 1536 1472 1584 1472 0 2.5
M 1536 1360 1584 1360 0 2.5
x 1403 1434 1456 1437 4 24 0000
w 1264 1488 1440 1488 0
w 1440 1456 1248 1456 0
w 1440 1440 1232 1440 0
w 1280 1504 1440 1504 0
x 1521 1462 1534 1465 4 24 0
150 1440 1472 1536 1472 0 4 0 5
w 1280 1280 1280 1392 0
w 1440 1392 1280 1392 0
x 1387 1323 1440 1326 4 24 0001
x 1520 1347 1533 1350 4 24 1
150 1440 1360 1536 1360 0 4 0 5
w 1280 1168 1280 1280 0
w 1264 1152 1264 1264 0
w 1440 1264 1264 1264 0
x 1392 1212 1445 1215 4 24 0010
M 1536 1248 1584 1248 0 2.5
M 1536 1136 1584 1136 0 2.5
M 1536 1024 1584 1024 0 2.5
M 1536 912 1584 912 0 2.5
x 1520 1235 1533 1238 4 24 2
150 1440 1248 1536 1248 0 4 0 5
w 1280 1168 1440 1168 0
w 1280 1056 1280 1168 0
w 1264 1152 1440 1152 0
w 1264 1040 1264 1152 0
x 1388 1099 1439 1102 4 24 0011
x 1519 1122 1532 1125 4 24 3
150 1440 1136 1536 1136 0 4 0 5
w 1280 944 1280 1056 0
w 1264 928 1264 1040 0
w 1248 1008 1440 1008 0
w 1248 896 1248 1008 0
x 1388 990 1441 993 4 24 0100
x 1520 1013 1533 1016 4 24 4
150 1440 1024 1536 1024 0 4 0 5
w 1280 944 1440 944 0
w 1280 832 1280 944 0
w 1264 816 1264 928 0
w 1248 896 1440 896 0
w 1248 784 1248 896 0
x 1388 876 1441 879 4 24 0101
x 1518 897 1531 900 4 24 5
150 1440 912 1536 912 0 4 0 5
w 1280 720 1280 832 0
w 1264 816 1440 816 0
w 1264 704 1264 816 0
w 1248 672 1248 784 0
w 1440 784 1248 784 0
M 1536 800 1584 800 0 2.5
x 1521 788 1534 791 4 24 6
x 1389 765 1440 768 4 24 0110
150 1440 800 1536 800 0 4 0 5
M 1536 688 1584 688 0 2.5
M 1536 576 1584 576 0 2.5
w 1280 720 1440 720 0
w 1280 608 1280 720 0
w 1264 704 1440 704 0
w 1264 592 1264 704 0
w 1440 672 1248 672 0
w 1248 560 1248 672 0
x 1520 670 1533 673 4 24 7
x 1522 555 1535 558 4 24 8
x 1393 652 1442 655 4 24 0111
150 1440 688 1536 688 0 4 5 5
w 1280 496 1280 608 0
w 1264 480 1264 592 0
w 1248 448 1248 560 0
w 1232 432 1232 544 0
w 1440 544 1232 544 0
x 1388 540 1441 543 4 24 1000
x 1387 427 1440 430 4 24 1001
M 1536 464 1584 464 0 2.5
w 1440 496 1280 496 0
w 1280 400 1280 496 0
w 1264 400 1264 480 0
w 1248 400 1248 448 0
x 1520 446 1533 449 4 24 9
w 1232 400 1232 432 0
w 1440 432 1232 432 0
150 1440 576 1536 576 0 4 0 5
x 1177 276 1282 279 4 19 Input\s3\s2\s1\s0
L 1280 336 1280 288 0 1 false 5 0
L 1264 336 1264 288 0 1 false 5 0
L 1248 336 1248 288 0 1 false 5 0
L 1232 336 1232 288 0 0 false 5 0
150 1440 464 1536 464 0 4 0 5
w 1152 432 1152 608 0
w 1136 432 1136 480 0
w 1120 432 1120 448 0
w 1104 432 1104 656 0
I 1104 384 1104 432 0 0.5 5
I 1120 384 1120 432 0 0.5 5
I 1136 384 1136 432 0 0.5 5
I 1152 384 1152 432 0 0.5 5
w 1232 336 1104 336 0
w 1248 336 1248 352 0
w 1248 352 1120 352 0
w 1264 336 1264 368 0
w 1264 368 1136 368 0
w 1280 336 1280 384 0
w 1280 384 1152 384 0
w 1232 400 1232 336 0
w 1248 400 1248 352 0
w 1264 400 1264 368 0
w 1280 400 1280 384 0
w 1136 368 1136 384 0
w 1120 352 1120 384 0
w 1104 336 1104 384 0
w 1440 448 1120 448 0
w 1440 480 1136 480 0
w 1440 560 1120 560 0
w 1120 448 1120 560 0
w 1440 592 1136 592 0
w 1136 480 1136 592 0
w 1440 608 1152 608 0
w 1440 656 1104 656 0
w 1440 768 1104 768 0
w 1104 656 1104 768 0
w 1440 832 1152 832 0
w 1152 608 1152 832 0
w 1440 880 1104 880 0
w 1104 768 1104 880 0
w 1440 928 1136 928 0
w 1136 592 1136 928 0
w 1120 560 1120 1120 0
w 1104 880 1104 992 0
w 1152 832 1152 1056 0
w 1440 992 1104 992 0
w 1440 1040 1136 1040 0
w 1136 928 1136 1040 0
w 1440 1056 1152 1056 0
w 1104 992 1104 1104 0
w 1440 1104 1104 1104 0
w 1440 1120 1120 1120 0
w 1136 1040 1136 1376 0
w 1152 1056 1152 1280 0
w 1440 1216 1104 1216 0
w 1104 1104 1104 1216 0
w 1440 1232 1120 1232 0
w 1120 1120 1120 1232 0
w 1440 1280 1152 1280 0
w 1120 1232 1120 1344 0
w 1104 1216 1104 1328 0
w 1440 1328 1104 1328 0
w 1440 1344 1120 1344 0
w 1440 1376 1136 1376 0
w 1104 1328 1104 1440 0
w 1232 1440 1104 1440 0
w 1120 1344 1120 1456 0
w 1248 1456 1120 1456 0
w 1136 1376 1136 1488 0
w 1264 1488 1136 1488 0
w 1152 1280 1152 1504 0
w 1280 1504 1152 1504 0
x 1166 215 1314 218 4 24 Decoder\s(DC)
