$ 1 0.000005 10.20027730826997 50 5 50 5e-11
x 454 184 873 187 4 36 RS-trigger\s(асинхронный)
153 400 368 512 368 0 2 5 5
153 400 496 512 496 0 2 0 5
M 512 368 592 368 0 2.5
M 512 496 592 496 0 2.5
w 512 368 512 416 0
w 400 480 400 448 0
w 400 448 512 416 0
w 400 384 400 416 0
w 400 416 512 448 0
w 512 448 512 496 0
w 400 352 352 352 0
w 400 512 352 512 0
L 352 352 304 352 0 0 false 5 0
L 352 512 304 512 0 1 false 5 0
x 566 351 584 354 4 24 Q
x 566 479 591 482 4 24 !Q
x 296 332 389 335 4 24 R\s(reset)
x 296 493 366 496 4 24 S\s(set)
x 680 337 750 340 4 24 S\s(set)
x 680 496 773 499 4 24 R\s(reset)
x 950 479 975 482 4 24 !Q
x 950 351 968 354 4 24 Q
L 736 512 688 512 0 1 false 5 0
L 736 352 688 352 0 0 false 5 0
w 784 512 736 512 0
w 784 352 736 352 0
w 896 448 896 496 0
w 784 416 896 448 0
w 784 384 784 416 0
w 784 448 896 416 0
w 784 480 784 448 0
w 896 368 896 416 0
M 896 496 976 496 0 2.5
M 896 368 976 368 0 2.5
151 784 368 896 368 0 2 5 5
151 784 496 896 496 0 2 0 5
x 298 259 613 289 4 24 реализация\sчерез\sgate\sNOR\\nуправление\sHIGH\sуровнем
x 663 255 992 285 4 24 реализация\sчерез\sgate\sNAND\\nуправление\sLOW\sуровнем
b 288 208 632 559 0
b 640 208 1004 559 0
