$ 1 0.000005 10.20027730826997 50 5 50 5e-11
x 520 163 919 166 4 36 RS-trigger\s(синхронный)
153 448 368 560 368 0 2 5 5
153 448 496 560 496 0 2 0 5
M 560 368 640 368 0 2.5
M 560 496 640 496 0 2.5
w 560 368 560 416 0
w 448 480 448 448 0
w 448 448 560 416 0
w 448 384 448 416 0
w 448 416 560 448 0
w 560 448 560 496 0
w 448 352 400 352 0
w 448 512 400 512 0
L 288 336 192 336 0 0 false 5 0
L 288 528 192 528 0 1 false 5 0
x 614 351 632 354 4 24 Q
x 614 479 639 482 4 24 !Q
x 184 316 277 319 4 24 R\s(reset)
x 184 509 254 512 4 24 S\s(set)
x 743 510 813 513 4 24 S\s(set)
x 746 317 839 320 4 24 R\s(reset)
x 1126 479 1151 482 4 24 !Q
x 1126 351 1144 354 4 24 Q
L 800 528 752 528 0 0 false 5 0
L 800 336 752 336 0 1 false 5 0
w 848 528 800 528 0
w 848 336 800 336 0
w 1072 448 1072 496 0
w 960 416 1072 448 0
w 960 384 960 416 0
w 960 448 1072 416 0
w 960 480 960 448 0
w 1072 368 1072 416 0
M 1072 496 1152 496 0 2.5
M 1072 368 1152 368 0 2.5
151 960 368 1072 368 0 2 5 5
151 960 496 1072 496 0 2 0 5
x 320 262 635 292 4 24 реализация\sчерез\sgate\sNOR\\nуправление\sHIGH\sуровнем
x 777 253 1106 283 4 24 реализация\sчерез\sgate\sNAND\\nуправление\sLOW\sуровнем
151 848 352 960 352 0 2 0 5
151 848 512 960 512 0 2 5 5
L 816 432 752 432 0 1 false 5 0
w 848 368 848 432 0
w 816 432 848 432 0
w 848 432 848 496 0
x 741 415 787 418 4 24 CLK
L 256 432 192 432 0 1 false 5 0
w 288 368 288 432 0
w 256 432 288 432 0
w 288 432 288 496 0
x 181 415 227 418 4 24 CLK
150 288 352 400 352 0 2 0 5
150 288 512 400 512 0 2 5 5
b 160 224 666 571 0
b 704 224 1188 570 0
