$ 1 0.000005 10.20027730826997 50 5 50 5e-11
x 612 1038 786 1041 4 24 D\sType\sFlip\sFlop
I 288 1376 336 1376 0 0.5 5
L 256 1152 144 1152 0 1 false 5 0
L 256 1344 144 1344 0 0 false 5 0
x 129 1318 175 1321 4 24 CLK
w 736 1248 736 1376 0
w 336 1376 736 1376 0
w 288 1344 288 1376 0
b 682 1071 1142 1408 0
b 208 1072 638 1406 0
w 624 1344 704 1344 0
w 624 1312 624 1344 0
w 608 1152 704 1152 0
w 608 1184 608 1152 0
w 480 1312 624 1312 0
w 560 1184 608 1184 0
x 702 1335 719 1338 4 24 R
w 800 1184 800 1248 0
w 800 1248 736 1248 0
w 800 1248 800 1312 0
x 1099 1293 1124 1296 4 24 !Q
x 1094 1163 1112 1166 4 24 Q
w 880 1168 960 1168 0
151 800 1168 880 1168 0 2 0 5
w 880 1264 880 1296 0
M 960 1312 1104 1312 0 2.5
M 1040 1184 1104 1184 0 2.5
151 880 1312 960 1312 0 2 0 5
151 960 1184 1040 1184 0 2 5 5
w 1040 1184 1040 1264 0
w 880 1264 1040 1264 0
w 960 1200 960 1312 0
151 800 1328 880 1328 0 2 5 5
x 696 1144 712 1147 4 24 S
w 800 1152 704 1152 0
x 742 1234 758 1237 4 24 E
w 800 1344 704 1344 0
x 837 1109 1007 1112 4 24 Gated\sSR\sLatch
x 357 1109 511 1112 4 24 Gated\sD\sLatch
w 320 1216 320 1312 0
w 400 1216 320 1216 0
w 400 1168 400 1216 0
w 288 1344 256 1344 0
w 288 1184 288 1344 0
w 320 1184 288 1184 0
w 320 1344 288 1344 0
x 250 1332 266 1335 4 24 E
w 320 1152 256 1152 0
x 249 1142 266 1145 4 24 D
151 320 1328 400 1328 0 2 5 5
w 480 1200 480 1312 0
w 400 1264 560 1264 0
w 560 1184 560 1264 0
151 480 1184 560 1184 0 2 5 5
151 400 1312 480 1312 0 2 0 5
w 400 1264 400 1296 0
151 320 1168 400 1168 0 2 5 5
w 400 1168 480 1168 0
x 554 1170 606 1173 4 24 Q_m
x 566 1298 624 1301 4 24 !Q_m
