$ 0 0.000005 10.20027730826997 50 5 50 5e-11
f 464 -496 528 -496 97 1.5 0.02
x 471 -585 594 -582 4 24 P-MOSFET
L 464 -496 432 -496 0 1 false 5 0
f 688 -448 752 -448 96 1.5 0.02
x 699 -588 824 -585 4 24 N-MOSFET
L 688 -448 656 -448 0 0 false 5 0
R 528 -512 528 -560 0 0 40 5 0 0 0.5
w 528 -512 528 -496 0
g 752 -432 752 -400 0 0
w 752 -448 752 -432 0
M 752 -464 816 -464 0 2.5
x 795 -479 823 -476 4 10 output
x 582 -495 610 -492 4 10 output
M 528 -480 592 -480 0 2.5
x 534 -511 564 -508 4 10 source
x 758 -431 788 -428 4 10 source
x 533 -495 554 -492 4 10 body
x 759 -447 780 -444 4 10 body
x 687 -435 706 -432 4 10 gate
x 463 -483 482 -480 4 10 gate
x 761 -469 783 -466 4 10 drain
x 535 -469 557 -466 4 10 drain
x 523 -572 540 -569 4 10 Vdd
r 528 -480 528 -416 0 1000
g 528 -416 528 -400 0 0
R 752 -528 752 -560 0 0 40 5 0 0 0.5
r 752 -464 752 -528 0 1000
x 743 -565 760 -562 4 10 Vdd
b 413 -627 856 -333 0
w 992 -416 1040 -416 0
b 925 -623 1468 -335 0
w 1312 -448 1408 -448 0
w 1184 -400 1248 -400 0
w 1184 -496 1248 -496 0
w 1040 -416 1104 -416 0
w 1008 -384 1056 -384 0
I 1056 -384 1104 -384 0 0.5 5
w 1008 -512 1008 -384 0
w 1040 -480 1104 -480 0
w 1040 -416 1040 -480 0
w 1008 -512 1104 -512 0
150 1104 -400 1184 -400 0 2 0 5
150 1104 -496 1184 -496 0 2 5 5
x 937 -429 971 -426 4 24 OE
x 937 -524 954 -521 4 24 D
L 992 -416 944 -416 0 1 false 5 0
f 1248 -496 1312 -496 97 1.5 0.02
f 1248 -400 1312 -400 96 1.5 0.02
w 1312 -480 1312 -448 0
w 1312 -448 1312 -416 0
L 1008 -512 944 -512 0 1 false 5 0
R 1312 -512 1312 -560 0 0 40 5 0 0 0.5
g 1312 -384 1312 -352 0 0
x 1321 -498 1372 -495 4 10 P-MOSFET
x 1320 -381 1372 -378 4 10 N-MOSFET
w 1312 -400 1312 -384 0
w 1312 -496 1312 -512 0
x 1359 -457 1408 -454 4 12 OUTPUT
M 1408 -448 1456 -448 0 2.5
x 1095 -594 1271 -591 4 30 3-state\sbuffer
