$ 1 0.000005 10.20027730826997 50 5 50 5e-11
x 772 235 988 261 4 20 A_out\s\q\sA\s\\nB_out\s\q\sB\sAND\s(NOT\sA)
L 704 368 624 368 0 0 false 5 0
L 704 416 624 416 0 0 false 5 0
x 593 373 609 376 4 24 A
x 592 420 605 423 4 24 b
M 960 368 1056 368 0 2.5
M 960 400 1056 400 0 2.5
x 1073 373 1135 376 4 24 A_out
x 1077 404 1137 407 4 24 b_out
150 880 400 960 400 0 2 0 5
w 704 368 704 384 0
w 704 384 784 384 0
I 784 384 880 384 0 0.5 5
w 704 416 880 416 0
w 704 368 960 368 0
x 748 200 982 203 4 36 Priority\sinput\sA
