$ 1 0.000005 10.20027730826997 50 5 50 5e-11
x 601 1792 617 1795 4 24 S
x 597 1572 614 1575 4 24 R
x 416 1490 672 1493 4 18 Reset\ssynchronous\sactive\sHIGH
w 400 1696 240 1696 0
w 400 1760 416 1760 0
w 400 1696 400 1760 0
w 704 1696 400 1696 0
w 704 1632 704 1696 0
w 720 1632 704 1632 0
x 125 1683 211 1686 4 24 Reset\sH
L 240 1696 144 1696 0 0 false 5 0
x 291 1745 308 1748 4 24 R
x 287 1555 303 1558 4 24 S
x 105 2350 123 2353 4 24 Q
x 82 2190 128 2193 4 24 CLK
x 104 2044 121 2047 4 24 D
x 404 1463 675 1466 4 30 D-trigger\srising\sedge
x 645 1543 787 1546 4 24 Slave\sD-latch
x 352 1543 508 1546 4 24 Master\sD-latch
b 576 1520 845 1880 0
b 256 1520 563 1879 0
x 896 1712 921 1715 4 24 !Q
M 848 1728 912 1728 0 2.5
x 902 1611 920 1614 4 24 Q
M 848 1632 912 1632 0 2.5
w 832 1728 848 1728 0
w 832 1632 848 1632 0
w 720 1696 720 1712 0
w 832 1664 720 1696 0
w 832 1632 832 1664 0
w 832 1696 832 1728 0
w 720 1664 832 1696 0
w 720 1648 720 1664 0
153 720 1728 832 1728 0 2 0 5
153 720 1632 832 1632 0 3 5 5
w 608 1680 608 1632 0
w 608 1680 608 1728 0
w 576 1680 608 1680 0
w 576 1824 576 1680 0
w 528 1600 608 1600 0
w 528 1760 608 1760 0
150 608 1744 720 1744 0 2 5 5
150 608 1616 720 1616 0 2 0 5
I 272 1792 320 1792 0 0.5 5
w 272 1568 272 1792 0
w 192 1824 576 1824 0
w 192 1760 192 1824 0
w 256 1760 320 1760 0
I 192 1760 256 1760 0 0.5 5
L 192 1760 144 1760 0 1 false 5 0
x 126 1747 172 1750 4 24 CLK
w 320 1600 320 1760 0
x 502 1787 554 1790 4 24 Q_m
x 499 1578 557 1581 4 24 !Q_m
w 416 1728 416 1744 0
w 528 1648 416 1728 0
w 528 1600 528 1648 0
w 528 1728 528 1760 0
w 416 1648 528 1728 0
w 416 1616 416 1648 0
153 416 1760 528 1760 0 3 5 5
150 320 1776 416 1776 0 2 0 5
150 320 1584 416 1584 0 2 0 5
153 416 1600 528 1600 0 2 0 5
L 272 1568 144 1568 0 1 false 5 0
w 320 1568 272 1568 0
x 135 1553 152 1556 4 24 D
403 144 1968 848 2112 0 64_64_0_4098_5_0.00009765625_-1_2_64_3
403 144 2128 848 2256 0 49_64_0_4098_5_0.00009765625_-1_2_49_3
403 144 2272 848 2416 0 24_64_0_4098_5_0.1_-1_1
