$ 1 0.000005 10.20027730826997 50 5 50 5e-11
x -422 -887 -372 -884 4 24 Data
x -405 -865 -388 -726 4 14 D7\\nD6\\nD5\\nD4\\nD3\\nD2\\nD1\\nD0\\n
M -592 -432 -592 -384 0 2.5
M -608 -432 -608 -384 0 2.5
M -624 -432 -624 -384 0 2.5
180 -816 -736 -816 -672 1 0.1 10000000000
180 -784 -736 -784 -672 1 0.1 10000000000
180 -752 -736 -752 -672 1 0.1 10000000000
w -752 -832 -752 -736 0
w -784 -848 -784 -736 0
w -816 -864 -816 -736 0
w -800 -704 -800 -688 0
x -551 -883 -487 -880 4 24 shift\s0
L -960 -1424 -960 -1392 0 1 false 5 0
185 -960 -1424 -912 -1424 4096 3
w -800 -688 -768 -688 0
w -768 -704 -768 -688 0
w -768 -688 -736 -688 0
w -736 -704 -736 -688 0
w -640 -704 -640 -688 0
w -672 -688 -640 -688 0
w -672 -704 -672 -688 0
w -704 -688 -672 -688 0
w -704 -704 -704 -688 0
180 -656 -736 -656 -672 1 0.1 10000000000
180 -688 -736 -688 -672 1 0.1 10000000000
180 -720 -736 -720 -672 1 0.1 10000000000
180 -624 -736 -624 -672 1 0.1 10000000000
180 -592 -736 -592 -672 1 0.1 10000000000
w -640 -688 -608 -688 0
w -608 -704 -608 -688 0
w -608 -688 -576 -688 0
w -576 -704 -576 -688 0
w -736 -688 -704 -688 0
w -720 -736 -720 -816 0
L -512 -752 -416 -752 0 1 false 5 0
L -512 -768 -416 -768 0 1 false 5 0
L -512 -784 -416 -784 0 1 false 5 0
L -512 -800 -416 -800 0 1 false 5 0
L -512 -864 -416 -864 0 1 false 5 0
L -512 -848 -416 -848 0 1 false 5 0
L -512 -832 -416 -832 0 1 false 5 0
L -512 -816 -416 -816 0 1 false 5 0
w -592 -736 -592 -752 0
w -592 -752 -512 -752 0
w -624 -736 -624 -768 0
w -624 -768 -512 -768 0
w -656 -736 -656 -784 0
w -656 -784 -512 -784 0
w -688 -736 -688 -800 0
w -688 -800 -512 -800 0
w -720 -816 -512 -816 0
w -752 -832 -512 -832 0
w -784 -848 -512 -848 0
w -816 -864 -512 -864 0
w -1024 -688 -992 -688 0
w -864 -704 -864 -688 0
w -896 -688 -864 -688 0
w -896 -704 -896 -688 0
w -928 -688 -896 -688 0
180 -880 -736 -880 -672 1 0.1 10000000000
180 -912 -736 -912 -672 1 0.1 10000000000
180 -1008 -736 -1008 -672 1 0.1 10000000000
180 -976 -736 -976 -672 1 0.1 10000000000
180 -944 -736 -944 -672 1 0.1 10000000000
w -992 -704 -992 -688 0
w -992 -688 -960 -688 0
w -960 -704 -960 -688 0
w -960 -688 -928 -688 0
w -928 -704 -928 -688 0
w -1024 -704 -1024 -688 0
w -1056 -688 -1024 -688 0
w -1056 -704 -1056 -688 0
w -1088 -688 -1056 -688 0
w -1088 -704 -1088 -688 0
180 -1040 -736 -1040 -672 1 0.1 10000000000
180 -1072 -736 -1072 -672 1 0.1 10000000000
180 -1104 -736 -1104 -672 1 0.1 10000000000
w -592 -752 -912 -752 0
w -912 -752 -912 -736 0
w -624 -768 -944 -768 0
w -944 -768 -944 -736 0
w -656 -784 -976 -784 0
w -976 -784 -976 -736 0
w -688 -800 -1008 -800 0
w -1008 -800 -1008 -736 0
w -720 -816 -1040 -816 0
w -1040 -816 -1040 -736 0
w -752 -832 -1072 -832 0
w -1072 -832 -1072 -736 0
w -1104 -848 -1104 -736 0
w -784 -848 -1104 -848 0
g -880 -928 -880 -960 0 0
w -880 -928 -880 -736 0
x -832 -885 -768 -882 4 24 shift\s1
w -592 -608 -880 -608 0
w -880 -672 -880 -608 0
w -592 -672 -592 -608 0
w -624 -672 -624 -592 0
w -624 -592 -912 -592 0
w -912 -672 -912 -592 0
w -656 -672 -656 -576 0
w -656 -576 -944 -576 0
w -944 -672 -944 -576 0
w -688 -672 -688 -560 0
w -688 -560 -976 -560 0
w -976 -672 -976 -560 0
w -720 -672 -720 -544 0
w -720 -544 -1008 -544 0
w -1008 -672 -1008 -544 0
w -752 -672 -752 -528 0
w -752 -528 -1040 -528 0
w -1040 -672 -1040 -528 0
w -784 -672 -784 -512 0
w -784 -512 -1072 -512 0
w -1072 -672 -1072 -512 0
w -592 -608 -592 -432 0
M -688 -432 -688 -384 0 2.5
M -672 -432 -672 -384 0 2.5
M -656 -432 -656 -384 0 2.5
M -640 -432 -640 -384 0 2.5
M -704 -432 -704 -384 0 2.5
x -709 -363 -587 -360 4 12 D7D6D5D4D3D2D1D0
w -624 -592 -608 -592 0
w -608 -592 -608 -432 0
w -656 -576 -624 -576 0
w -624 -576 -624 -432 0
w -688 -560 -640 -560 0
w -640 -560 -640 -432 0
w -720 -544 -656 -544 0
w -656 -544 -656 -432 0
w -752 -528 -672 -528 0
w -672 -528 -672 -432 0
w -784 -512 -688 -512 0
w -688 -512 -688 -432 0
w -816 -672 -816 -496 0
w -816 -496 -1104 -496 0
w -1104 -672 -1104 -496 0
w -816 -496 -704 -496 0
w -704 -496 -704 -432 0
180 -1392 -736 -1392 -672 1 0.1 10000000000
180 -1360 -736 -1360 -672 1 0.1 10000000000
180 -1328 -736 -1328 -672 1 0.1 10000000000
w -1376 -704 -1376 -688 0
w -1376 -688 -1344 -688 0
w -1344 -704 -1344 -688 0
w -1344 -688 -1312 -688 0
w -1312 -704 -1312 -688 0
w -1216 -704 -1216 -688 0
w -1248 -688 -1216 -688 0
w -1248 -704 -1248 -688 0
w -1280 -688 -1248 -688 0
w -1280 -704 -1280 -688 0
180 -1232 -736 -1232 -672 1 0.1 10000000000
180 -1264 -736 -1264 -672 1 0.1 10000000000
180 -1296 -736 -1296 -672 1 0.1 10000000000
180 -1200 -736 -1200 -672 1 0.1 10000000000
180 -1168 -736 -1168 -672 1 0.1 10000000000
w -1216 -688 -1184 -688 0
w -1184 -704 -1184 -688 0
w -1184 -688 -1152 -688 0
w -1152 -704 -1152 -688 0
w -1312 -688 -1280 -688 0
x -1126 -876 -1062 -873 4 24 shift\s2
w -880 -928 -1168 -928 0
w -1168 -736 -1200 -736 0
w -1168 -736 -1168 -928 0
w -912 -752 -1232 -752 0
w -1232 -752 -1232 -736 0
w -944 -768 -1264 -768 0
w -1264 -768 -1264 -736 0
w -976 -784 -1296 -784 0
w -1296 -784 -1296 -736 0
w -1008 -800 -1328 -800 0
w -1328 -800 -1328 -736 0
w -1040 -816 -1360 -816 0
w -1360 -816 -1360 -736 0
w -1072 -832 -1392 -832 0
w -1392 -832 -1392 -736 0
w -880 -608 -1168 -608 0
w -1168 -672 -1168 -608 0
w -912 -592 -1200 -592 0
w -1200 -672 -1200 -592 0
w -944 -576 -1232 -576 0
w -1232 -672 -1232 -576 0
w -976 -560 -1264 -560 0
w -1264 -672 -1264 -560 0
w -1008 -544 -1296 -544 0
w -1296 -672 -1296 -544 0
w -1040 -528 -1328 -528 0
w -1328 -672 -1328 -528 0
w -1072 -512 -1360 -512 0
w -1360 -672 -1360 -512 0
w -1104 -496 -1392 -496 0
w -1392 -672 -1392 -496 0
w -576 -704 -560 -704 0
w -560 -704 -560 -896 0
w -864 -704 -848 -704 0
w -848 -704 -848 -928 0
w -1152 -704 -1136 -704 0
w -1136 -704 -1136 -992 0
w -1424 -704 -1424 -1008 0
w -1440 -704 -1424 -704 0
w -1680 -816 -1680 -736 0
w -1648 -800 -1648 -736 0
w -1616 -784 -1616 -736 0
w -1584 -768 -1584 -736 0
w -1552 -752 -1552 -736 0
w -1488 -736 -1520 -736 0
w -1456 -736 -1456 -928 0
w -1456 -736 -1488 -736 0
w -1600 -688 -1568 -688 0
w -1440 -704 -1440 -688 0
w -1472 -688 -1440 -688 0
w -1472 -704 -1472 -688 0
w -1504 -688 -1472 -688 0
180 -1456 -736 -1456 -672 1 0.1 10000000000
180 -1488 -736 -1488 -672 1 0.1 10000000000
180 -1584 -736 -1584 -672 1 0.1 10000000000
180 -1552 -736 -1552 -672 1 0.1 10000000000
180 -1520 -736 -1520 -672 1 0.1 10000000000
w -1568 -704 -1568 -688 0
w -1568 -688 -1536 -688 0
w -1536 -704 -1536 -688 0
w -1536 -688 -1504 -688 0
w -1504 -704 -1504 -688 0
w -1600 -704 -1600 -688 0
w -1632 -688 -1600 -688 0
w -1632 -704 -1632 -688 0
w -1664 -688 -1632 -688 0
w -1664 -704 -1664 -688 0
180 -1616 -736 -1616 -672 1 0.1 10000000000
180 -1648 -736 -1648 -672 1 0.1 10000000000
180 -1680 -736 -1680 -672 1 0.1 10000000000
w -1168 -608 -1456 -608 0
w -1456 -672 -1456 -608 0
w -1200 -592 -1488 -592 0
w -1488 -672 -1488 -592 0
w -1264 -560 -1552 -560 0
w -1232 -576 -1520 -576 0
w -1520 -672 -1520 -576 0
w -1552 -672 -1552 -560 0
w -1296 -544 -1584 -544 0
w -1584 -672 -1584 -544 0
w -1328 -528 -1616 -528 0
w -1616 -672 -1616 -528 0
w -1360 -512 -1648 -512 0
w -1648 -672 -1648 -512 0
w -1392 -496 -1680 -496 0
w -1680 -672 -1680 -496 0
x -1414 -877 -1350 -874 4 24 shift\s3
w -1456 -928 -1168 -928 0
w -1232 -752 -1552 -752 0
w -1264 -768 -1584 -768 0
w -1296 -784 -1616 -784 0
w -1328 -800 -1648 -800 0
w -1360 -816 -1680 -816 0
w -1968 -672 -1968 -496 0
w -1680 -496 -1968 -496 0
w -1936 -672 -1936 -512 0
w -1648 -512 -1936 -512 0
w -1904 -672 -1904 -528 0
w -1616 -528 -1904 -528 0
w -1872 -672 -1872 -544 0
w -1584 -544 -1872 -544 0
w -1840 -672 -1840 -560 0
w -1808 -672 -1808 -576 0
w -1520 -576 -1808 -576 0
w -1552 -560 -1840 -560 0
w -1776 -672 -1776 -592 0
w -1488 -592 -1776 -592 0
w -1744 -672 -1744 -608 0
w -1456 -608 -1744 -608 0
180 -1968 -736 -1968 -672 1 0.1 10000000000
180 -1936 -736 -1936 -672 1 0.1 10000000000
180 -1904 -736 -1904 -672 1 0.1 10000000000
w -1952 -704 -1952 -688 0
w -1952 -688 -1920 -688 0
w -1920 -704 -1920 -688 0
w -1920 -688 -1888 -688 0
w -1888 -704 -1888 -688 0
w -1792 -704 -1792 -688 0
w -1824 -688 -1792 -688 0
w -1824 -704 -1824 -688 0
w -1856 -688 -1824 -688 0
w -1856 -704 -1856 -688 0
180 -1808 -736 -1808 -672 1 0.1 10000000000
180 -1840 -736 -1840 -672 1 0.1 10000000000
180 -1872 -736 -1872 -672 1 0.1 10000000000
180 -1776 -736 -1776 -672 1 0.1 10000000000
180 -1744 -736 -1744 -672 1 0.1 10000000000
w -1792 -688 -1760 -688 0
w -1760 -704 -1760 -688 0
w -1760 -688 -1728 -688 0
w -1728 -704 -1728 -688 0
w -1888 -688 -1856 -688 0
w -1744 -736 -1776 -736 0
w -1744 -736 -1744 -928 0
w -1776 -736 -1808 -736 0
w -1728 -704 -1712 -704 0
w -1712 -704 -1712 -1024 0
w -2576 -704 -2576 -1072 0
w -2592 -704 -2576 -704 0
w -2640 -736 -2672 -736 0
w -2608 -736 -2608 -928 0
w -2608 -736 -2640 -736 0
w -2752 -688 -2720 -688 0
w -2592 -704 -2592 -688 0
w -2624 -688 -2592 -688 0
w -2624 -704 -2624 -688 0
w -2656 -688 -2624 -688 0
180 -2608 -736 -2608 -672 1 0.1 10000000000
180 -2640 -736 -2640 -672 1 0.1 10000000000
180 -2736 -736 -2736 -672 1 0.1 10000000000
180 -2704 -736 -2704 -672 1 0.1 10000000000
180 -2672 -736 -2672 -672 1 0.1 10000000000
w -2720 -704 -2720 -688 0
w -2720 -688 -2688 -688 0
w -2688 -704 -2688 -688 0
w -2688 -688 -2656 -688 0
w -2656 -704 -2656 -688 0
w -2752 -704 -2752 -688 0
w -2784 -688 -2752 -688 0
w -2784 -704 -2784 -688 0
w -2816 -688 -2784 -688 0
w -2816 -704 -2816 -688 0
180 -2768 -736 -2768 -672 1 0.1 10000000000
180 -2800 -736 -2800 -672 1 0.1 10000000000
180 -2832 -736 -2832 -672 1 0.1 10000000000
w -2320 -608 -2608 -608 0
w -2608 -672 -2608 -608 0
w -2352 -592 -2640 -592 0
w -2640 -672 -2640 -592 0
w -2416 -560 -2704 -560 0
w -2384 -576 -2672 -576 0
w -2672 -672 -2672 -576 0
w -2704 -672 -2704 -560 0
w -2448 -544 -2736 -544 0
w -2736 -672 -2736 -544 0
w -2480 -528 -2768 -528 0
w -2768 -672 -2768 -528 0
w -2512 -512 -2800 -512 0
w -2800 -672 -2800 -512 0
w -2544 -496 -2832 -496 0
w -2832 -672 -2832 -496 0
w -2000 -704 -2000 -1040 0
w -2016 -704 -2000 -704 0
w -2064 -736 -2096 -736 0
w -2032 -736 -2032 -928 0
w -2032 -736 -2064 -736 0
w -2176 -688 -2144 -688 0
w -2016 -704 -2016 -688 0
w -2048 -688 -2016 -688 0
w -2048 -704 -2048 -688 0
w -2080 -688 -2048 -688 0
180 -2032 -736 -2032 -672 1 0.1 10000000000
180 -2064 -736 -2064 -672 1 0.1 10000000000
180 -2160 -736 -2160 -672 1 0.1 10000000000
180 -2128 -736 -2128 -672 1 0.1 10000000000
180 -2096 -736 -2096 -672 1 0.1 10000000000
w -2144 -704 -2144 -688 0
w -2144 -688 -2112 -688 0
w -2112 -704 -2112 -688 0
w -2112 -688 -2080 -688 0
w -2080 -704 -2080 -688 0
w -2176 -704 -2176 -688 0
w -2208 -688 -2176 -688 0
w -2208 -704 -2208 -688 0
w -2240 -688 -2208 -688 0
w -2240 -704 -2240 -688 0
180 -2192 -736 -2192 -672 1 0.1 10000000000
180 -2224 -736 -2224 -672 1 0.1 10000000000
180 -2256 -736 -2256 -672 1 0.1 10000000000
w -1744 -608 -2032 -608 0
w -2032 -672 -2032 -608 0
w -1776 -592 -2064 -592 0
w -2064 -672 -2064 -592 0
w -1840 -560 -2128 -560 0
w -1808 -576 -2096 -576 0
w -2096 -672 -2096 -576 0
w -2128 -672 -2128 -560 0
w -1872 -544 -2160 -544 0
w -2160 -672 -2160 -544 0
w -1904 -528 -2192 -528 0
w -2192 -672 -2192 -528 0
w -1936 -512 -2224 -512 0
w -2224 -672 -2224 -512 0
w -1968 -496 -2256 -496 0
w -2256 -672 -2256 -496 0
w -2544 -672 -2544 -496 0
w -2256 -496 -2544 -496 0
w -2512 -672 -2512 -512 0
w -2224 -512 -2512 -512 0
w -2480 -672 -2480 -528 0
w -2192 -528 -2480 -528 0
w -2448 -672 -2448 -544 0
w -2160 -544 -2448 -544 0
w -2416 -672 -2416 -560 0
w -2384 -672 -2384 -576 0
w -2096 -576 -2384 -576 0
w -2128 -560 -2416 -560 0
w -2352 -672 -2352 -592 0
w -2064 -592 -2352 -592 0
w -2320 -672 -2320 -608 0
w -2032 -608 -2320 -608 0
180 -2544 -736 -2544 -672 1 0.1 10000000000
180 -2512 -736 -2512 -672 1 0.1 10000000000
180 -2480 -736 -2480 -672 1 0.1 10000000000
w -2528 -704 -2528 -688 0
w -2528 -688 -2496 -688 0
w -2496 -704 -2496 -688 0
w -2496 -688 -2464 -688 0
w -2464 -704 -2464 -688 0
w -2368 -704 -2368 -688 0
w -2400 -688 -2368 -688 0
w -2400 -704 -2400 -688 0
w -2432 -688 -2400 -688 0
w -2432 -704 -2432 -688 0
180 -2384 -736 -2384 -672 1 0.1 10000000000
180 -2416 -736 -2416 -672 1 0.1 10000000000
180 -2448 -736 -2448 -672 1 0.1 10000000000
180 -2352 -736 -2352 -672 1 0.1 10000000000
180 -2320 -736 -2320 -672 1 0.1 10000000000
w -2368 -688 -2336 -688 0
w -2336 -704 -2336 -688 0
w -2336 -688 -2304 -688 0
w -2304 -704 -2304 -688 0
w -2464 -688 -2432 -688 0
w -2320 -736 -2352 -736 0
w -2320 -736 -2320 -928 0
w -2352 -736 -2384 -736 0
w -2304 -704 -2288 -704 0
w -2288 -704 -2288 -1056 0
w -1744 -928 -1456 -928 0
w -2032 -928 -1744 -928 0
w -2320 -928 -2032 -928 0
w -1840 -736 -1808 -736 0
w -2160 -736 -2128 -736 0
w -2128 -736 -2096 -736 0
w -2448 -736 -2416 -736 0
w -2416 -736 -2384 -736 0
w -2480 -736 -2448 -736 0
w -2704 -736 -2672 -736 0
w -2736 -736 -2704 -736 0
w -2768 -736 -2736 -736 0
w -2800 -736 -2768 -736 0
w -2608 -928 -2320 -928 0
x -1705 -879 -1641 -876 4 24 shift\s4
x -1995 -874 -1931 -871 4 24 shift\s5
x -2278 -877 -2214 -874 4 24 shift\s6
x -2566 -877 -2502 -874 4 24 shift\s7
w -1552 -752 -1872 -752 0
w -1872 -752 -1872 -736 0
w -1872 -752 -2192 -752 0
w -2192 -752 -2192 -736 0
w -2192 -752 -2512 -752 0
w -2512 -752 -2512 -736 0
w -2512 -752 -2832 -752 0
w -2832 -752 -2832 -736 0
w -1584 -768 -1904 -768 0
w -1904 -768 -1904 -736 0
w -1904 -768 -2224 -768 0
w -2224 -768 -2224 -736 0
w -2224 -768 -2544 -768 0
w -2544 -768 -2544 -736 0
w -1616 -784 -1936 -784 0
w -1936 -784 -1936 -736 0
w -1936 -784 -2256 -784 0
w -2256 -784 -2256 -736 0
w -1648 -800 -1968 -800 0
w -1968 -800 -1968 -736 0
w -560 -1168 -560 -896 0
L -544 -1488 -448 -1488 0 0 false 5 0
L -544 -1472 -448 -1472 0 1 false 5 0
L -544 -1456 -448 -1456 0 0 false 5 0
x -435 -1489 -418 -1452 4 14 S2\\nS1\\nS0
w -592 -1168 -592 -928 0
w -592 -928 -848 -928 0
w -624 -1168 -624 -992 0
w -624 -992 -1136 -992 0
w -656 -1168 -656 -1008 0
w -656 -1008 -1424 -1008 0
w -688 -1168 -688 -1024 0
w -688 -1024 -1712 -1024 0
w -720 -1168 -720 -1040 0
w -720 -1040 -2000 -1040 0
w -752 -1168 -752 -1056 0
w -752 -1056 -2288 -1056 0
w -784 -1168 -784 -1072 0
w -784 -1072 -2576 -1072 0
x -808 -1141 -559 -1138 4 39 7\s6\s5\s4\s3\s2\s1\s0
x -568 -375 -496 -372 4 24 Output
x -454 -1507 -382 -1504 4 24 Shift\sN
w -544 -1456 -976 -1456 0
w -976 -1456 -976 -1136 0
w -976 -1136 -928 -1136 0
w -896 -1136 -896 -1120 0
w -896 -1120 -992 -1120 0
w -992 -1120 -992 -1472 0
w -992 -1472 -544 -1472 0
w -544 -1488 -1008 -1488 0
w -1008 -1488 -1008 -1104 0
w -1008 -1104 -864 -1104 0
w -864 -1104 -864 -1136 0
w -800 -1200 -784 -1200 0
w -784 -1200 -784 -1168 0
w -800 -1232 -752 -1232 0
w -752 -1232 -752 -1168 0
w -800 -1264 -720 -1264 0
w -720 -1264 -720 -1168 0
w -800 -1296 -688 -1296 0
w -688 -1296 -688 -1168 0
w -800 -1328 -656 -1328 0
w -656 -1328 -656 -1168 0
w -800 -1360 -624 -1360 0
w -624 -1360 -624 -1168 0
w -800 -1392 -592 -1392 0
w -592 -1392 -592 -1168 0
w -800 -1424 -560 -1424 0
w -560 -1424 -560 -1168 0
w -832 -704 -832 -688 0
w -832 -688 -800 -688 0
w -1120 -704 -1120 -688 0
w -1120 -688 -1088 -688 0
w -1408 -704 -1408 -688 0
w -1408 -688 -1376 -688 0
w -1696 -704 -1696 -688 0
w -1696 -688 -1664 -688 0
w -1984 -704 -1984 -688 0
w -1984 -688 -1952 -688 0
w -2272 -704 -2272 -688 0
w -2272 -688 -2240 -688 0
w -2560 -704 -2560 -688 0
w -2560 -688 -2528 -688 0
w -2848 -704 -2848 -688 0
w -2848 -688 -2816 -688 0
x -2435 -1526 -909 -1523 4 150 Barrel\sShifters\s"1\sиз\sN"
