$ 1 0.000005 10.20027730826997 50 5 50 5e-11
L 800 -16 752 -16 0 1 false 5 0
M 1104 32 1200 32 0 2.5
x 831 -45 1064 -42 4 24 (A\s\a\a\sB)\s\a\a\s(B\s\a\a\sC)
L 800 32 752 32 0 1 false 5 0
x 717 -10 733 -7 4 24 A
x 712 38 728 41 4 24 B
w 976 0 992 16 0
w 976 64 992 48 0
x 713 87 730 90 4 24 C
L 800 80 752 80 0 1 false 5 0
w 800 -16 864 -16 0
w 864 16 800 16 0
w 800 16 800 32 0
w 864 48 800 48 0
w 800 32 800 48 0
w 800 80 864 80 0
150 864 0 976 0 0 2 5 5
150 864 64 976 64 0 2 5 5
150 992 32 1104 32 0 2 5 5
