$ 1 0.000005 10.20027730826997 50 5 50 5e-11
184 736 400 768 400 0 1
184 736 560 768 560 0 1
184 736 704 768 704 0 1
L 624 400 560 400 0 1 false 5 0
L 624 560 560 560 0 1 false 5 0
L 624 704 560 704 0 1 false 5 0
w 688 704 624 704 0
L 736 816 688 816 0 0 false 5 0
w 624 560 736 560 0
x 750 -419 814 -416 4 24 shift\s1
x 385 167 480 170 4 45 Data
x 513 713 543 716 4 24 D0
x 514 566 544 569 4 24 D1
x 513 406 543 409 4 24 D2
L 1344 -464 1392 -464 0 0 false 5 0
w 832 336 832 496 0
w 832 496 800 496 0
w 832 496 832 656 0
w 832 656 800 656 0
w 832 656 832 800 0
w 832 800 800 800 0
x 1401 -458 1430 -455 4 24 S0
184 960 704 992 704 0 1
184 960 560 992 560 0 1
184 960 400 992 400 0 1
w 960 736 960 816 0
w 736 816 960 816 0
w 832 704 944 704 0
w 832 400 912 400 0
L 1344 -496 1392 -496 0 1 false 5 0
x 1402 -491 1431 -488 4 24 S1
w 1024 496 1056 496 0
w 1056 496 1056 336 0
w 1056 496 1056 656 0
w 1056 656 1024 656 0
w 1056 656 1056 800 0
w 1056 800 1024 800 0
x 981 -416 1045 -413 4 24 shift\s2
w 688 704 736 704 0
w 736 736 736 816 0
w 736 400 624 400 0
w 736 704 736 592 0
w 736 560 736 432 0
w 944 432 960 432 0
w 832 560 928 560 0
w 944 704 960 704 0
w 944 704 944 432 0
w 960 736 960 592 0
184 736 240 768 240 0 1
184 960 240 992 240 0 1
184 736 80 768 80 0 1
184 960 80 992 80 0 1
184 960 -80 992 -80 0 1
184 736 -80 768 -80 0 1
184 736 -384 768 -384 0 1
184 960 -384 992 -384 0 1
184 960 -224 992 -224 0 1
184 736 -224 768 -224 0 1
w 800 336 832 336 0
w 832 336 832 176 0
w 800 176 832 176 0
w 832 176 832 16 0
w 800 16 832 16 0
w 832 16 832 -128 0
w 800 -128 832 -128 0
w 832 -128 832 -288 0
w 800 -288 832 -288 0
w 832 -288 832 -464 0
w 1024 336 1056 336 0
w 1056 336 1056 176 0
w 1024 176 1056 176 0
w 1056 176 1056 16 0
w 1024 16 1056 16 0
w 1056 16 1056 -128 0
w 1024 -128 1056 -128 0
w 1056 -128 1056 -288 0
w 1024 -288 1056 -288 0
w 1056 -288 1056 -496 0
w 736 240 624 240 0
w 736 80 624 80 0
w 736 -80 624 -80 0
L 624 240 560 240 0 1 false 5 0
L 624 80 560 80 0 1 false 5 0
L 624 -80 560 -80 0 1 false 5 0
w 736 -224 624 -224 0
L 624 -224 560 -224 0 0 false 5 0
w 736 -384 624 -384 0
L 624 -384 560 -384 0 0 false 5 0
w 736 400 736 272 0
w 736 240 736 112 0
w 736 80 736 -48 0
w 736 -80 736 -192 0
w 736 -224 736 -352 0
w 896 240 960 240 0
w 880 80 960 80 0
w 864 -80 960 -80 0
w 832 -224 960 -224 0
w 832 -384 960 -384 0
w 1056 -384 1184 -384 0
w 1056 -224 1184 -224 0
w 1056 -80 1184 -80 0
w 1056 80 1184 80 0
w 1120 240 1184 240 0
w 1280 -288 1280 -528 0
w 1248 -288 1280 -288 0
w 1280 -128 1280 -288 0
w 1248 -128 1280 -128 0
w 1280 16 1280 -128 0
w 1248 16 1280 16 0
w 1280 176 1280 16 0
w 1248 176 1280 176 0
w 1280 336 1280 176 0
w 1248 336 1280 336 0
184 1184 -224 1216 -224 0 1
184 1184 -384 1216 -384 0 1
184 1184 -80 1216 -80 0 1
184 1184 80 1216 80 0 1
184 1184 240 1216 240 0 1
w 1056 704 1168 704 0
w 1056 560 1152 560 0
x 1194 -416 1258 -413 4 24 shift\s4
M 1280 704 1328 704 0 2.5
M 1280 560 1328 560 0 2.5
M 1280 400 1328 400 0 2.5
w 1280 656 1280 800 0
w 1280 656 1248 656 0
w 1280 496 1280 656 0
w 1280 496 1280 336 0
w 1248 496 1280 496 0
x 1403 -520 1432 -517 4 24 S2
L 1344 -528 1392 -528 0 0 false 5 0
w 1056 400 1136 400 0
w 1184 736 1184 816 0
184 1184 400 1216 400 0 1
184 1184 560 1216 560 0 1
184 1184 704 1216 704 0 1
M 1280 240 1328 240 0 2.5
M 1280 80 1328 80 0 2.5
M 1280 -80 1328 -80 0 2.5
M 1280 -224 1328 -224 0 2.5
M 1280 -384 1328 -384 0 2.5
w 960 816 1184 816 0
w 1184 736 1184 592 0
w 1184 592 1184 432 0
w 1184 432 1184 272 0
w 1184 704 1168 704 0
w 1168 704 1168 112 0
w 1168 112 1184 112 0
w 1248 800 1280 800 0
x 515 246 545 249 4 24 D3
x 515 88 545 91 4 24 D4
x 515 -74 545 -71 4 24 D5
x 513 -217 543 -214 4 24 D6
x 516 -379 546 -376 4 24 D7
x 1369 150 1504 153 4 45 Output
x 1340 -552 1430 -549 4 45 Shift
w 1344 -464 832 -464 0
w 1344 -496 1056 -496 0
w 1344 -528 1280 -528 0
w 1184 -48 1152 -48 0
w 1152 -48 1152 560 0
w 1152 560 1184 560 0
w 1184 400 1136 400 0
w 1136 400 1136 -192 0
w 1136 -192 1184 -192 0
w 1184 -352 1120 -352 0
w 1120 -352 1120 240 0
w 1120 240 1056 240 0
w 928 560 928 272 0
w 928 272 960 272 0
w 960 560 928 560 0
w 960 400 912 400 0
w 912 400 912 112 0
w 912 112 960 112 0
w 896 240 896 -48 0
w 896 -48 960 -48 0
w 832 240 896 240 0
w 880 80 880 -192 0
w 880 -192 960 -192 0
w 832 80 880 80 0
w 864 -80 864 -352 0
w 864 -352 960 -352 0
w 832 -80 864 -80 0
