$ 1 0.000005 10.20027730826997 50 5 50 5e-11
w 4192 240 4224 240 0
w 4192 240 4192 368 0
w 3904 240 4192 240 0
w 3904 240 3904 368 0
w 3616 240 3904 240 0
w 3616 240 3616 368 0
w 3328 240 3616 240 0
w 3328 368 3328 240 0
w 4128 256 4240 256 0
w 4128 256 4128 368 0
w 3840 256 4128 256 0
w 3840 256 3840 368 0
w 3552 256 3840 256 0
w 3552 256 3552 368 0
w 3264 256 3552 256 0
w 3264 368 3264 256 0
w 4064 272 4256 272 0
w 4064 272 4064 368 0
w 3776 272 4064 272 0
w 3776 272 3776 368 0
w 3488 272 3776 272 0
w 3488 272 3488 368 0
w 3200 272 3488 272 0
w 3200 368 3200 272 0
w 4000 288 4272 288 0
w 4000 288 4000 368 0
w 3712 288 4000 288 0
w 3712 288 3712 368 0
w 3424 288 3712 288 0
w 3424 288 3424 368 0
w 3136 288 3424 288 0
w 3136 288 3136 368 0
w 4608 896 4608 1232 0
w 4592 896 4608 896 0
w 3056 1232 4608 1232 0
w 3056 1232 3056 1280 0
w 3088 1216 4592 1216 0
w 3088 1216 3088 1280 0
w 4592 960 4592 1216 0
w 4480 960 4480 1200 0
w 3120 1200 4480 1200 0
w 3120 1200 3120 1280 0
w 4352 960 4352 1184 0
w 3152 1184 4352 1184 0
w 3152 1184 3152 1280 0
w 4224 960 4224 1168 0
w 3184 1168 4224 1168 0
w 3184 1168 3184 1280 0
w 3216 1152 3728 1152 0
w 3216 1280 3216 1152 0
w 3248 1136 3248 1280 0
w 3184 1136 3248 1136 0
w 3280 1120 3280 1280 0
w 3056 1120 3280 1120 0
x 3051 1417 3289 1420 4 14 Q7\s\s\sQ6\s\s\sQ5\s\s\sQ4\s\s\sQ3\s\s\s\sQ2\s\s\sQ1\s\s\sQ0\s
M 3184 1280 3184 1392 0 2.5
M 3216 1280 3216 1392 0 2.5
M 3248 1280 3248 1392 0 2.5
M 3280 1280 3280 1392 0 2.5
M 3152 1280 3152 1392 0 2.5
M 3120 1280 3120 1392 0 2.5
M 3088 1280 3088 1392 0 2.5
M 3056 1280 3056 1392 0 2.5
x 3677 462 3918 465 4 16 PP2[0]\s\s\s\sPP2[1]\s\s\sPP2[2]\s\s\s\sPP2[3]
x 3389 464 3630 467 4 16 PP1[0]\s\s\s\sPP1[1]\s\s\sPP1[2]\s\s\s\sPP1[3]
x 3965 461 4206 464 4 16 PP3[0]\s\s\s\sPP3[1]\s\s\sPP3[2]\s\s\s\sPP3[3]
x 3101 465 3342 468 4 16 PP0[0]\s\s\s\sPP0[1]\s\s\sPP0[2]\s\s\s\sPP0[3]
w 4032 352 4032 368 0
w 4096 352 4032 352 0
w 4096 352 4096 368 0
w 4160 352 4096 352 0
w 4160 352 4160 368 0
w 4224 352 4160 352 0
w 4224 352 4224 368 0
w 4352 352 4224 352 0
w 4352 208 4352 352 0
w 3744 336 3744 368 0
w 3808 336 3744 336 0
w 3808 336 3808 368 0
w 3872 336 3808 336 0
w 3872 336 3872 368 0
w 3936 336 3872 336 0
w 3936 336 3936 368 0
w 4368 336 3936 336 0
w 4368 208 4368 336 0
w 3456 320 3456 368 0
w 3520 320 3456 320 0
w 3520 320 3520 368 0
w 3584 320 3520 320 0
w 3584 320 3584 368 0
w 3648 320 3584 320 0
w 3648 320 3648 368 0
w 4384 320 3648 320 0
w 4384 208 4384 320 0
w 3168 304 3168 368 0
w 3232 304 3168 304 0
w 3232 304 3232 368 0
w 3296 304 3232 304 0
w 3296 304 3296 368 0
w 3360 304 3296 304 0
w 3360 304 3360 368 0
w 4400 304 3360 304 0
w 4400 208 4400 304 0
w 4224 208 4224 240 0
w 4240 208 4240 256 0
w 4256 208 4256 272 0
w 4272 208 4272 288 0
150 4016 368 4016 464 0 2 0 5
150 4080 368 4080 464 0 2 0 5
150 4144 368 4144 464 0 2 0 5
150 4208 368 4208 464 0 2 0 5
150 3728 368 3728 464 0 2 0 5
150 3792 368 3792 464 0 2 0 5
150 3856 368 3856 464 0 2 0 5
150 3920 368 3920 464 0 2 0 5
150 3440 368 3440 464 0 2 0 5
150 3504 368 3504 464 0 2 0 5
150 3568 368 3568 464 0 2 0 5
150 3632 368 3632 464 0 2 0 5
150 3344 368 3344 464 0 2 0 5
150 3280 368 3280 464 0 2 0 5
150 3216 368 3216 464 0 2 0 5
150 3152 368 3152 464 0 2 0 5
x 4367 146 4383 149 4 24 B
x 4239 146 4255 149 4 24 A
L 4224 208 4224 176 0 0 false 5 0
L 4240 208 4240 176 0 0 false 5 0
L 4256 208 4256 176 0 0 false 5 0
L 4272 208 4272 176 0 0 false 5 0
L 4352 208 4352 176 0 1 false 5 0
L 4368 208 4368 176 0 1 false 5 0
L 4384 208 4384 176 0 1 false 5 0
L 4400 208 4400 176 0 1 false 5 0
x 4219 163 4277 166 4 12 A3A2A1A0
x 4347 163 4405 166 4 12 B3B2B1B0
196 3088 896 3136 896 2 1
w 3216 464 3216 480 0
w 3216 480 3216 496 0
w 3216 496 3072 496 0
w 3088 896 3088 512 0
w 3072 496 3072 928 0
w 3088 928 3072 928 0
w 3152 464 3152 480 0
w 3152 480 3056 480 0
w 3056 480 3056 1120 0
w 3440 464 3440 512 0
w 3088 512 3440 512 0
196 3232 896 3280 896 2 1
w 3184 960 3184 1136 0
w 3184 896 3200 896 0
w 3200 896 3200 960 0
w 3280 464 3280 528 0
w 3216 928 3216 528 0
w 3280 528 3216 528 0
w 3504 464 3504 544 0
w 3504 544 3232 544 0
w 3232 544 3232 896 0
w 3232 960 3200 960 0
w 3216 928 3232 928 0
196 3376 896 3424 896 2 1
w 3328 896 3344 896 0
w 3344 896 3344 960 0
w 3360 464 3360 928 0
w 3344 464 3360 464 0
w 3568 464 3568 560 0
w 3568 560 3376 560 0
w 3376 560 3376 896 0
w 3376 928 3360 928 0
w 3376 960 3344 960 0
196 3488 896 3536 896 2 1
w 3632 464 3632 576 0
w 3632 576 3488 576 0
w 3488 896 3488 576 0
196 3632 896 3680 896 2 1
w 3328 960 3328 992 0
w 3328 992 3616 992 0
w 3632 928 3616 928 0
w 3616 928 3616 992 0
w 3728 464 3728 592 0
w 3728 592 3616 592 0
w 3616 896 3616 592 0
196 3744 896 3792 896 2 1
x 3553 927 3568 930 4 18 4:
x 3433 927 3448 930 4 18 3:
x 3291 927 3306 930 4 18 2:
x 3149 936 3164 939 4 18 1:
x 3694 932 3709 935 4 18 5:
x 3808 930 3823 933 4 18 6:
w 3472 896 3472 928 0
w 3472 928 3488 928 0
w 3472 960 3472 1008 0
w 3472 1008 3744 1008 0
w 3744 960 3744 1008 0
w 3728 896 3728 928 0
w 3728 928 3744 928 0
w 3744 608 3744 896 0
w 3584 960 3584 1024 0
w 3584 896 3600 896 0
w 3600 896 3600 1040 0
w 3616 896 3632 896 0
w 3744 608 3792 608 0
w 3792 608 3792 464 0
196 3872 896 3920 896 2 1
x 3935 929 3950 932 4 18 7:
w 3584 1024 3872 1024 0
w 3872 960 3872 1024 0
w 3840 896 3840 928 0
w 3840 928 3872 928 0
w 3856 464 3856 896 0
w 3856 896 3872 896 0
w 3728 960 3728 1152 0
196 3984 896 4032 896 2 1
x 4048 933 4063 936 4 18 8:
w 3968 896 3968 928 0
w 3968 928 3984 928 0
w 3600 1040 3984 1040 0
w 3984 960 3984 1040 0
w 3920 464 3920 608 0
w 3920 608 3984 608 0
w 3984 608 3984 896 0
196 4128 896 4176 896 2 1
x 4188 931 4203 934 4 18 9:
w 3840 960 3840 1056 0
w 3840 1056 4112 1056 0
w 4112 928 4112 1056 0
w 4112 928 4128 928 0
w 4016 464 4016 592 0
w 4016 592 4128 592 0
w 4128 592 4128 896 0
196 4256 896 4304 896 2 1
x 4309 932 4334 935 4 18 10:
w 3968 960 3968 1008 0
w 3968 1008 4256 1008 0
w 4256 960 4256 1008 0
w 4224 896 4224 928 0
w 4224 928 4256 928 0
w 4080 464 4080 576 0
w 4080 576 4256 576 0
w 4256 576 4256 896 0
196 4384 896 4432 896 2 1
x 4438 930 4461 933 4 18 11:
w 4080 960 4080 992 0
w 4080 992 4384 992 0
w 4384 960 4384 992 0
w 4352 896 4352 928 0
w 4352 928 4384 928 0
w 4144 464 4144 560 0
w 4144 560 4384 560 0
w 4384 560 4384 896 0
196 4496 896 4544 896 2 1
x 4549 934 4574 937 4 18 12:
w 4080 896 4096 896 0
w 4096 896 4096 1024 0
w 4096 1024 4496 1024 0
w 4496 960 4496 1024 0
w 4480 896 4480 928 0
w 4480 928 4496 928 0
w 4208 464 4208 544 0
w 4208 544 4496 544 0
w 4496 544 4496 896 0
