$ 1 0.000005 10.20027730826997 50 5 50 5e-11
x 6139 115 6197 118 4 12 B3B2B1B0
x 6011 115 6069 118 4 12 A3A2A1A0
L 6192 160 6192 128 0 0 false 5 0
L 6176 160 6176 128 0 1 false 5 0
L 6160 160 6160 128 0 1 false 5 0
L 6144 160 6144 128 0 0 false 5 0
L 6064 160 6064 128 0 1 false 5 0
L 6048 160 6048 128 0 0 false 5 0
L 6032 160 6032 128 0 0 false 5 0
L 6016 160 6016 128 0 1 false 5 0
x 6031 98 6047 101 4 24 A
x 6159 98 6175 101 4 24 B
150 4944 320 4944 416 0 2 0 5
150 5008 320 5008 416 0 2 0 5
150 5072 320 5072 416 0 2 0 5
150 5136 320 5136 416 0 2 0 5
150 5424 320 5424 416 0 2 0 5
150 5360 320 5360 416 0 2 0 5
150 5296 320 5296 416 0 2 0 5
150 5232 320 5232 416 0 2 0 5
150 5712 320 5712 416 0 2 0 5
150 5648 320 5648 416 0 2 0 5
150 5584 320 5584 416 0 2 0 5
150 5520 320 5520 416 0 2 0 5
150 6000 320 6000 416 0 2 0 5
150 5936 320 5936 416 0 2 0 5
150 5872 320 5872 416 0 2 0 5
150 5808 320 5808 416 0 2 0 5
w 6064 160 6064 240 0
w 6048 160 6048 224 0
w 6032 160 6032 208 0
w 6016 160 6016 192 0
w 6192 160 6192 256 0
w 6192 256 5152 256 0
w 5152 256 5152 320 0
w 5152 256 5088 256 0
w 5088 256 5088 320 0
w 5088 256 5024 256 0
w 5024 256 5024 320 0
w 5024 256 4960 256 0
w 4960 256 4960 320 0
w 6176 160 6176 272 0
w 6176 272 5440 272 0
w 5440 272 5440 320 0
w 5440 272 5376 272 0
w 5376 272 5376 320 0
w 5376 272 5312 272 0
w 5312 272 5312 320 0
w 5312 272 5248 272 0
w 5248 272 5248 320 0
w 6160 160 6160 288 0
w 6160 288 5728 288 0
w 5728 288 5728 320 0
w 5728 288 5664 288 0
w 5664 288 5664 320 0
w 5664 288 5600 288 0
w 5600 288 5600 320 0
w 5600 288 5536 288 0
w 5536 288 5536 320 0
w 6144 160 6144 304 0
w 6144 304 6016 304 0
w 6016 304 6016 320 0
w 6016 304 5952 304 0
w 5952 304 5952 320 0
w 5952 304 5888 304 0
w 5888 304 5888 320 0
w 5888 304 5824 304 0
w 5824 304 5824 320 0
x 4893 417 5134 420 4 16 PP0[0]\s\s\s\sPP0[1]\s\s\sPP0[2]\s\s\s\sPP0[3]
x 5757 413 5998 416 4 16 PP3[0]\s\s\s\sPP3[1]\s\s\sPP3[2]\s\s\s\sPP3[3]
x 5181 416 5422 419 4 16 PP1[0]\s\s\s\sPP1[1]\s\s\sPP1[2]\s\s\s\sPP1[3]
x 5469 414 5710 417 4 16 PP2[0]\s\s\s\sPP2[1]\s\s\sPP2[2]\s\s\s\sPP2[3]
w 4928 240 4928 320 0
w 4928 240 5216 240 0
w 5216 240 5216 320 0
w 5216 240 5504 240 0
w 5504 240 5504 320 0
w 5504 240 5792 240 0
w 5792 240 5792 320 0
w 5792 240 6064 240 0
w 4992 320 4992 224 0
w 4992 224 5280 224 0
w 5280 224 5280 320 0
w 5280 224 5568 224 0
w 5568 224 5568 320 0
w 5568 224 5856 224 0
w 5856 224 5856 320 0
w 5856 224 6048 224 0
w 5056 320 5056 208 0
w 5056 208 5344 208 0
w 5344 208 5344 320 0
w 5344 208 5632 208 0
w 5632 208 5632 320 0
w 5632 208 5920 208 0
w 5920 208 5920 320 0
w 5920 208 6032 208 0
w 5120 320 5120 192 0
w 5120 192 5408 192 0
w 5408 192 5408 320 0
w 5408 192 5696 192 0
w 5696 192 5696 320 0
w 5696 192 5984 192 0
w 5984 192 5984 320 0
w 5984 192 6016 192 0
w 5328 1280 5360 1280 0
w 5360 1008 5456 1008 0
w 5360 1280 5360 1008 0
w 5328 1440 5376 1440 0
w 5376 1168 5456 1168 0
w 5376 1440 5376 1168 0
w 5328 1600 5392 1600 0
w 5392 1312 5456 1312 0
w 5392 1600 5392 1312 0
w 5408 1472 5456 1472 0
w 5408 1760 5408 1472 0
w 5456 1760 5408 1760 0
w 5456 1920 5424 1920 0
w 5424 1632 5456 1632 0
w 5424 1920 5424 1632 0
w 5616 1600 5552 1600 0
w 5616 1008 5616 1600 0
w 5680 1008 5616 1008 0
w 5632 1168 5680 1168 0
w 5632 1760 5632 1168 0
w 5680 1760 5632 1760 0
w 5648 1920 5680 1920 0
w 5648 1312 5648 1920 0
w 5680 1312 5648 1312 0
w 5792 832 5776 832 0
w 5792 864 5552 864 0
w 5792 896 5328 896 0
x 5634 846 5761 849 4 45 Shift\s0
x 5160 986 5190 989 4 24 D7
x 5158 1144 5188 1147 4 24 D6
x 5160 1285 5190 1288 4 24 D5
x 5158 1443 5188 1446 4 24 D4
x 5157 1590 5187 1593 4 24 D3
w 5744 2160 5776 2160 0
w 5664 1472 5680 1472 0
w 5664 2064 5664 1472 0
w 5680 2064 5664 2064 0
w 5680 1792 5680 1632 0
w 5680 1952 5680 1792 0
w 5680 2096 5680 1952 0
w 5456 2176 5680 2176 0
184 5680 2064 5712 2064 0 1
184 5680 1920 5712 1920 0 1
184 5680 1760 5712 1760 0 1
w 5680 2096 5680 2176 0
w 5552 1760 5632 1760 0
L 5792 832 5840 832 0 0 false 5 0
x 5853 838 5882 841 4 24 S2
w 5744 1856 5776 1856 0
w 5776 1856 5776 1696 0
w 5776 1856 5776 2016 0
w 5776 2016 5744 2016 0
w 5776 2016 5776 2160 0
x 5690 944 5754 947 4 24 shift\s4
w 5552 1920 5648 1920 0
w 5552 2064 5664 2064 0
184 5680 1600 5712 1600 0 1
184 5680 1440 5712 1440 0 1
184 5680 1280 5712 1280 0 1
184 5680 976 5712 976 0 1
184 5680 1136 5712 1136 0 1
w 5744 1696 5776 1696 0
w 5776 1696 5776 1536 0
w 5744 1536 5776 1536 0
w 5776 1536 5776 1376 0
w 5744 1376 5776 1376 0
w 5776 1376 5776 1232 0
w 5744 1232 5776 1232 0
w 5776 1232 5776 1072 0
w 5744 1072 5776 1072 0
w 5776 1072 5776 832 0
w 5616 1600 5680 1600 0
w 5552 1440 5680 1440 0
w 5552 1280 5680 1280 0
w 5552 1136 5680 1136 0
w 5552 976 5680 976 0
w 5328 976 5456 976 0
w 5328 1136 5456 1136 0
w 5360 1280 5456 1280 0
w 5376 1440 5456 1440 0
w 5392 1600 5456 1600 0
w 5232 1136 5232 1008 0
w 5232 1280 5232 1168 0
w 5232 1440 5232 1312 0
w 5232 1600 5232 1472 0
w 5232 1760 5232 1632 0
L 5200 976 5200 928 0 0 false 5 0
w 5232 1136 5200 1136 0
w 5232 1280 5200 1280 0
w 5232 1440 5200 1440 0
w 5232 1600 5136 1600 0
w 5552 1072 5552 864 0
w 5520 1072 5552 1072 0
w 5552 1232 5552 1072 0
w 5520 1232 5552 1232 0
w 5552 1376 5552 1232 0
w 5520 1376 5552 1376 0
w 5552 1536 5552 1376 0
w 5520 1536 5552 1536 0
w 5552 1696 5552 1536 0
w 5520 1696 5552 1696 0
w 5328 1072 5328 896 0
w 5296 1072 5328 1072 0
w 5328 1232 5328 1072 0
w 5296 1232 5328 1232 0
w 5328 1376 5328 1232 0
w 5296 1376 5328 1376 0
w 5328 1536 5328 1376 0
w 5296 1536 5328 1536 0
w 5328 1696 5328 1536 0
w 5296 1696 5328 1696 0
184 5232 1136 5264 1136 0 1
184 5456 1136 5488 1136 0 1
184 5456 976 5488 976 0 1
184 5232 976 5264 976 0 1
184 5232 1280 5264 1280 0 1
184 5456 1280 5488 1280 0 1
184 5456 1440 5488 1440 0 1
184 5232 1440 5264 1440 0 1
184 5456 1600 5488 1600 0 1
184 5232 1600 5264 1600 0 1
w 5456 2096 5456 1952 0
w 5440 2064 5440 1792 0
w 5440 2064 5456 2064 0
w 5328 1920 5424 1920 0
w 5440 1792 5456 1792 0
w 5232 1920 5232 1792 0
w 5232 2064 5232 1952 0
w 5232 1760 5072 1760 0
w 5232 2096 5232 2176 0
w 5184 2064 5232 2064 0
x 5477 944 5541 947 4 24 shift\s2
w 5552 2160 5520 2160 0
w 5552 2016 5552 2160 0
w 5552 2016 5520 2016 0
w 5552 1856 5552 2016 0
w 5552 1856 5552 1696 0
w 5520 1856 5552 1856 0
x 5852 867 5881 870 4 24 S1
L 5792 864 5840 864 0 0 false 5 0
w 5328 1760 5408 1760 0
w 5328 2064 5440 2064 0
w 5232 2176 5456 2176 0
w 5456 2096 5456 2176 0
184 5456 1760 5488 1760 0 1
184 5456 1920 5488 1920 0 1
184 5456 2064 5488 2064 0 1
x 5852 899 5881 902 4 24 S0
w 5328 2160 5296 2160 0
w 5328 2016 5328 2160 0
w 5328 2016 5296 2016 0
w 5328 1856 5328 2016 0
w 5328 1856 5296 1856 0
w 5328 1696 5328 1856 0
L 5792 896 5840 896 0 0 false 5 0
x 5160 1749 5190 1752 4 24 D2
x 5160 1908 5190 1911 4 24 D1
x 5162 2052 5192 2055 4 24 D0
x 5246 941 5310 944 4 24 shift\s1
w 5008 1920 5232 1920 0
L 5232 2176 5184 2176 0 0 false 5 0
w 5184 2064 4944 2064 0
184 5232 2064 5264 2064 0 1
184 5232 1920 5264 1920 0 1
184 5232 1760 5264 1760 0 1
w 5232 976 5200 976 0
w 5200 976 5200 1136 0
w 5200 1136 5200 1280 0
w 5200 1280 5200 1440 0
w 5136 416 5136 1600 0
w 5072 416 5072 1760 0
w 5008 416 5008 1920 0
w 4944 416 4944 2064 0
w 6048 1280 6048 1440 0
w 6048 1136 6048 1280 0
w 6048 976 6048 1136 0
w 6080 976 6048 976 0
184 6080 1760 6112 1760 0 1
184 6080 1920 6112 1920 0 1
184 6080 2064 6112 2064 0 1
w 6032 2064 5952 2064 0
L 6080 2176 6032 2176 0 0 false 5 0
w 5968 1920 6080 1920 0
x 6094 941 6158 944 4 24 shift\s1
x 6010 2052 6040 2055 4 24 D0
x 6008 1908 6038 1911 4 24 D1
x 6008 1749 6038 1752 4 24 D2
L 6640 896 6688 896 0 1 false 5 0
w 6176 1696 6176 1856 0
w 6176 1856 6144 1856 0
w 6176 1856 6176 2016 0
w 6176 2016 6144 2016 0
w 6176 2016 6176 2160 0
w 6176 2160 6144 2160 0
x 6700 899 6729 902 4 24 S0
184 6304 2064 6336 2064 0 1
184 6304 1920 6336 1920 0 1
184 6304 1760 6336 1760 0 1
w 6304 2096 6304 2176 0
w 6080 2176 6304 2176 0
w 6176 2064 6288 2064 0
w 6176 1760 6256 1760 0
L 6640 864 6688 864 0 0 false 5 0
x 6700 867 6729 870 4 24 S1
w 6368 1856 6400 1856 0
w 6400 1856 6400 1696 0
w 6400 1856 6400 2016 0
w 6400 2016 6368 2016 0
w 6400 2016 6400 2160 0
w 6400 2160 6368 2160 0
x 6325 944 6389 947 4 24 shift\s2
w 6032 2064 6080 2064 0
w 6080 2096 6080 2176 0
w 6080 1760 5984 1760 0
w 6080 2064 6080 1952 0
w 6080 1920 6080 1792 0
w 6288 1792 6304 1792 0
w 6176 1920 6272 1920 0
w 6288 2064 6304 2064 0
w 6288 2064 6288 1792 0
w 6304 2096 6304 1952 0
184 6080 1600 6112 1600 0 1
184 6304 1600 6336 1600 0 1
184 6080 1440 6112 1440 0 1
184 6304 1440 6336 1440 0 1
184 6304 1280 6336 1280 0 1
184 6080 1280 6112 1280 0 1
184 6080 976 6112 976 0 1
184 6304 976 6336 976 0 1
184 6304 1136 6336 1136 0 1
184 6080 1136 6112 1136 0 1
w 6144 1696 6176 1696 0
w 6176 1696 6176 1536 0
w 6144 1536 6176 1536 0
w 6176 1536 6176 1376 0
w 6144 1376 6176 1376 0
w 6176 1376 6176 1232 0
w 6144 1232 6176 1232 0
w 6176 1232 6176 1072 0
w 6144 1072 6176 1072 0
w 6176 1072 6176 896 0
w 6368 1696 6400 1696 0
w 6400 1696 6400 1536 0
w 6368 1536 6400 1536 0
w 6400 1536 6400 1376 0
w 6368 1376 6400 1376 0
w 6400 1376 6400 1232 0
w 6368 1232 6400 1232 0
w 6400 1232 6400 1072 0
w 6368 1072 6400 1072 0
w 6400 1072 6400 864 0
w 6080 1600 6000 1600 0
w 6080 1440 6048 1440 0
w 6080 1280 6048 1280 0
w 6080 1136 6048 1136 0
L 6048 976 6048 928 0 0 false 5 0
w 6080 1760 6080 1632 0
w 6080 1600 6080 1472 0
w 6080 1440 6080 1312 0
w 6080 1280 6080 1168 0
w 6080 1136 6080 1008 0
w 6240 1600 6304 1600 0
w 6224 1440 6304 1440 0
w 6208 1280 6304 1280 0
w 6176 1136 6304 1136 0
w 6176 976 6304 976 0
w 6400 976 6528 976 0
w 6400 1136 6528 1136 0
w 6400 1280 6528 1280 0
w 6400 1440 6528 1440 0
w 6464 1600 6528 1600 0
w 6624 1072 6624 832 0
w 6592 1072 6624 1072 0
w 6624 1232 6624 1072 0
w 6592 1232 6624 1232 0
w 6624 1376 6624 1232 0
w 6592 1376 6624 1376 0
w 6624 1536 6624 1376 0
w 6592 1536 6624 1536 0
w 6624 1696 6624 1536 0
w 6592 1696 6624 1696 0
184 6528 1136 6560 1136 0 1
184 6528 976 6560 976 0 1
184 6528 1280 6560 1280 0 1
184 6528 1440 6560 1440 0 1
184 6528 1600 6560 1600 0 1
w 6400 2064 6512 2064 0
w 6400 1920 6496 1920 0
x 6538 944 6602 947 4 24 shift\s4
w 6624 2016 6624 2160 0
w 6624 2016 6592 2016 0
w 6624 1856 6624 2016 0
w 6624 1856 6624 1696 0
w 6592 1856 6624 1856 0
x 6701 838 6730 841 4 24 S2
L 6640 832 6688 832 0 0 false 5 0
w 6400 1760 6480 1760 0
w 6528 2096 6528 2176 0
184 6528 1760 6560 1760 0 1
184 6528 1920 6560 1920 0 1
184 6528 2064 6560 2064 0 1
w 6304 2176 6528 2176 0
w 6528 2096 6528 1952 0
w 6528 1952 6528 1792 0
w 6528 1792 6528 1632 0
w 6528 2064 6512 2064 0
w 6512 2064 6512 1472 0
w 6512 1472 6528 1472 0
w 6592 2160 6624 2160 0
x 6005 1590 6035 1593 4 24 D3
x 6006 1443 6036 1446 4 24 D4
x 6008 1285 6038 1288 4 24 D5
x 6006 1144 6036 1147 4 24 D6
x 6008 986 6038 989 4 24 D7
x 6489 851 6616 854 4 45 Shift\s1
w 6640 896 6176 896 0
w 6640 864 6400 864 0
w 6640 832 6624 832 0
w 6528 1312 6496 1312 0
w 6496 1312 6496 1920 0
w 6496 1920 6528 1920 0
w 6528 1760 6480 1760 0
w 6480 1760 6480 1168 0
w 6480 1168 6528 1168 0
w 6528 1008 6464 1008 0
w 6464 1008 6464 1600 0
w 6464 1600 6400 1600 0
w 6272 1920 6272 1632 0
w 6272 1632 6304 1632 0
w 6304 1920 6272 1920 0
w 6304 1760 6256 1760 0
w 6256 1760 6256 1472 0
w 6256 1472 6304 1472 0
w 6240 1600 6240 1312 0
w 6240 1312 6304 1312 0
w 6176 1600 6240 1600 0
w 6224 1440 6224 1168 0
w 6224 1168 6304 1168 0
w 6176 1440 6224 1440 0
w 6208 1280 6208 1008 0
w 6208 1008 6304 1008 0
w 6176 1280 6208 1280 0
w 5232 416 5232 800 0
w 5232 800 5952 800 0
w 5296 416 5296 784 0
w 5296 784 5968 784 0
w 5360 416 5360 768 0
w 5360 768 5984 768 0
w 5424 416 5424 752 0
w 5424 752 6000 752 0
w 6000 1600 6000 752 0
w 5984 768 5984 1760 0
w 5968 784 5968 1920 0
w 5952 800 5952 2064 0
w 6816 736 6816 2080 0
w 6832 720 6832 1936 0
w 6848 704 6848 1776 0
w 6864 1616 6864 688 0
w 7040 1296 7072 1296 0
w 7072 1024 7168 1024 0
w 7072 1296 7072 1024 0
w 7040 1456 7088 1456 0
w 7088 1184 7168 1184 0
w 7088 1456 7088 1184 0
w 7040 1616 7104 1616 0
w 7104 1328 7168 1328 0
w 7104 1616 7104 1328 0
w 7120 1488 7168 1488 0
w 7120 1776 7120 1488 0
w 7168 1776 7120 1776 0
w 7168 1936 7136 1936 0
w 7136 1648 7168 1648 0
w 7136 1936 7136 1648 0
w 7328 1616 7264 1616 0
w 7328 1024 7328 1616 0
w 7392 1024 7328 1024 0
w 7344 1184 7392 1184 0
w 7344 1776 7344 1184 0
w 7392 1776 7344 1776 0
w 7360 1936 7392 1936 0
w 7360 1328 7360 1936 0
w 7392 1328 7360 1328 0
w 7504 848 7488 848 0
w 7504 880 7264 880 0
w 7504 912 7040 912 0
x 7355 868 7482 871 4 45 Shift\s2
x 6872 1002 6902 1005 4 24 D7
x 6870 1160 6900 1163 4 24 D6
x 6872 1301 6902 1304 4 24 D5
x 6870 1459 6900 1462 4 24 D4
x 6869 1606 6899 1609 4 24 D3
w 7456 2176 7488 2176 0
w 7376 1488 7392 1488 0
w 7376 2080 7376 1488 0
w 7392 2080 7376 2080 0
w 7392 1808 7392 1648 0
w 7392 1968 7392 1808 0
w 7392 2112 7392 1968 0
w 7168 2192 7392 2192 0
184 7392 2080 7424 2080 0 1
184 7392 1936 7424 1936 0 1
184 7392 1776 7424 1776 0 1
w 7392 2112 7392 2192 0
w 7264 1776 7344 1776 0
L 7504 848 7552 848 0 0 false 5 0
x 7565 854 7594 857 4 24 S2
w 7456 1872 7488 1872 0
w 7488 1872 7488 1712 0
w 7488 1872 7488 2032 0
w 7488 2032 7456 2032 0
w 7488 2032 7488 2176 0
x 7402 960 7466 963 4 24 shift\s4
w 7264 1936 7360 1936 0
w 7264 2080 7376 2080 0
184 7392 1616 7424 1616 0 1
184 7392 1456 7424 1456 0 1
184 7392 1296 7424 1296 0 1
184 7392 992 7424 992 0 1
184 7392 1152 7424 1152 0 1
w 7456 1712 7488 1712 0
w 7488 1712 7488 1552 0
w 7456 1552 7488 1552 0
w 7488 1552 7488 1392 0
w 7456 1392 7488 1392 0
w 7488 1392 7488 1248 0
w 7456 1248 7488 1248 0
w 7488 1248 7488 1088 0
w 7456 1088 7488 1088 0
w 7488 1088 7488 848 0
w 7328 1616 7392 1616 0
w 7264 1456 7392 1456 0
w 7264 1296 7392 1296 0
w 7264 1152 7392 1152 0
w 7264 992 7392 992 0
w 7040 992 7168 992 0
w 7040 1152 7168 1152 0
w 7072 1296 7168 1296 0
w 7088 1456 7168 1456 0
w 7104 1616 7168 1616 0
w 6944 1152 6944 1024 0
w 6944 1296 6944 1184 0
w 6944 1456 6944 1328 0
w 6944 1616 6944 1488 0
w 6944 1776 6944 1648 0
L 6912 992 6912 944 0 0 false 5 0
w 6944 1152 6912 1152 0
w 6944 1296 6912 1296 0
w 6944 1456 6912 1456 0
w 6944 1616 6864 1616 0
w 7264 1088 7264 880 0
w 7232 1088 7264 1088 0
w 7264 1248 7264 1088 0
w 7232 1248 7264 1248 0
w 7264 1392 7264 1248 0
w 7232 1392 7264 1392 0
w 7264 1552 7264 1392 0
w 7232 1552 7264 1552 0
w 7264 1712 7264 1552 0
w 7232 1712 7264 1712 0
w 7040 1088 7040 912 0
w 7008 1088 7040 1088 0
w 7040 1248 7040 1088 0
w 7008 1248 7040 1248 0
w 7040 1392 7040 1248 0
w 7008 1392 7040 1392 0
w 7040 1552 7040 1392 0
w 7008 1552 7040 1552 0
w 7040 1712 7040 1552 0
w 7008 1712 7040 1712 0
184 6944 1152 6976 1152 0 1
184 7168 1152 7200 1152 0 1
184 7168 992 7200 992 0 1
184 6944 992 6976 992 0 1
184 6944 1296 6976 1296 0 1
184 7168 1296 7200 1296 0 1
184 7168 1456 7200 1456 0 1
184 6944 1456 6976 1456 0 1
184 7168 1616 7200 1616 0 1
184 6944 1616 6976 1616 0 1
w 7168 2112 7168 1968 0
w 7152 2080 7152 1808 0
w 7152 2080 7168 2080 0
w 7040 1936 7136 1936 0
w 7152 1808 7168 1808 0
w 6944 1936 6944 1808 0
w 6944 2080 6944 1968 0
w 6944 1776 6848 1776 0
w 6944 2112 6944 2192 0
w 6896 2080 6944 2080 0
x 7189 960 7253 963 4 24 shift\s2
w 7264 2176 7232 2176 0
w 7264 2032 7264 2176 0
w 7264 2032 7232 2032 0
w 7264 1872 7264 2032 0
w 7264 1872 7264 1712 0
w 7232 1872 7264 1872 0
x 7564 883 7593 886 4 24 S1
L 7504 880 7552 880 0 1 false 5 0
w 7040 1776 7120 1776 0
w 7040 2080 7152 2080 0
w 6944 2192 7168 2192 0
w 7168 2112 7168 2192 0
184 7168 1776 7200 1776 0 1
184 7168 1936 7200 1936 0 1
184 7168 2080 7200 2080 0 1
x 7564 915 7593 918 4 24 S0
w 7040 2176 7008 2176 0
w 7040 2032 7040 2176 0
w 7040 2032 7008 2032 0
w 7040 1872 7040 2032 0
w 7040 1872 7008 1872 0
w 7040 1712 7040 1872 0
L 7504 912 7552 912 0 0 false 5 0
x 6872 1765 6902 1768 4 24 D2
x 6872 1924 6902 1927 4 24 D1
x 6874 2068 6904 2071 4 24 D0
x 6958 957 7022 960 4 24 shift\s1
w 6832 1936 6944 1936 0
L 6944 2192 6896 2192 0 0 false 5 0
w 6896 2080 6816 2080 0
184 6944 2080 6976 2080 0 1
184 6944 1936 6976 1936 0 1
184 6944 1776 6976 1776 0 1
w 6944 992 6912 992 0
w 6912 992 6912 1152 0
w 6912 1152 6912 1296 0
w 6912 1296 6912 1456 0
w 7696 672 7696 2080 0
w 7712 656 7712 1936 0
w 7728 640 7728 1776 0
w 7744 1616 7744 624 0
w 7920 1296 7952 1296 0
w 7952 1024 8048 1024 0
w 7952 1296 7952 1024 0
w 7920 1456 7968 1456 0
w 7968 1184 8048 1184 0
w 7968 1456 7968 1184 0
w 7920 1616 7984 1616 0
w 7984 1328 8048 1328 0
w 7984 1616 7984 1328 0
w 8000 1488 8048 1488 0
w 8000 1776 8000 1488 0
w 8048 1776 8000 1776 0
w 8048 1936 8016 1936 0
w 8016 1648 8048 1648 0
w 8016 1936 8016 1648 0
w 8208 1616 8144 1616 0
w 8208 1024 8208 1616 0
w 8272 1024 8208 1024 0
w 8224 1184 8272 1184 0
w 8224 1776 8224 1184 0
w 8272 1776 8224 1776 0
w 8240 1936 8272 1936 0
w 8240 1328 8240 1936 0
w 8272 1328 8240 1328 0
w 8384 848 8368 848 0
w 8384 880 8144 880 0
w 8384 912 7920 912 0
x 8233 860 8360 863 4 45 Shift\s3
x 7752 1002 7782 1005 4 24 D7
x 7750 1160 7780 1163 4 24 D6
x 7752 1301 7782 1304 4 24 D5
x 7750 1459 7780 1462 4 24 D4
x 7749 1606 7779 1609 4 24 D3
w 8336 2176 8368 2176 0
w 8256 1488 8272 1488 0
w 8256 2080 8256 1488 0
w 8272 2080 8256 2080 0
w 8272 1808 8272 1648 0
w 8272 1968 8272 1808 0
w 8272 2112 8272 1968 0
w 8048 2192 8272 2192 0
184 8272 2080 8304 2080 0 1
184 8272 1936 8304 1936 0 1
184 8272 1776 8304 1776 0 1
w 8272 2112 8272 2192 0
w 8144 1776 8224 1776 0
L 8384 848 8432 848 0 0 false 5 0
x 8445 854 8474 857 4 24 S2
w 8336 1872 8368 1872 0
w 8368 1872 8368 1712 0
w 8368 1872 8368 2032 0
w 8368 2032 8336 2032 0
w 8368 2032 8368 2176 0
x 8282 960 8346 963 4 24 shift\s4
w 8144 1936 8240 1936 0
w 8144 2080 8256 2080 0
184 8272 1616 8304 1616 0 1
184 8272 1456 8304 1456 0 1
184 8272 1296 8304 1296 0 1
184 8272 992 8304 992 0 1
184 8272 1152 8304 1152 0 1
w 8336 1712 8368 1712 0
w 8368 1712 8368 1552 0
w 8336 1552 8368 1552 0
w 8368 1552 8368 1392 0
w 8336 1392 8368 1392 0
w 8368 1392 8368 1248 0
w 8336 1248 8368 1248 0
w 8368 1248 8368 1088 0
w 8336 1088 8368 1088 0
w 8368 1088 8368 848 0
w 8208 1616 8272 1616 0
w 8144 1456 8272 1456 0
w 8144 1296 8272 1296 0
w 8144 1152 8272 1152 0
w 8144 992 8272 992 0
w 7920 992 8048 992 0
w 7920 1152 8048 1152 0
w 7952 1296 8048 1296 0
w 7968 1456 8048 1456 0
w 7984 1616 8048 1616 0
w 7824 1152 7824 1024 0
w 7824 1296 7824 1184 0
w 7824 1456 7824 1328 0
w 7824 1616 7824 1488 0
w 7824 1776 7824 1648 0
L 7792 992 7792 944 0 0 false 5 0
w 7824 1152 7792 1152 0
w 7824 1296 7792 1296 0
w 7824 1456 7792 1456 0
w 7824 1616 7744 1616 0
w 8144 1088 8144 880 0
w 8112 1088 8144 1088 0
w 8144 1248 8144 1088 0
w 8112 1248 8144 1248 0
w 8144 1392 8144 1248 0
w 8112 1392 8144 1392 0
w 8144 1552 8144 1392 0
w 8112 1552 8144 1552 0
w 8144 1712 8144 1552 0
w 8112 1712 8144 1712 0
w 7920 1088 7920 912 0
w 7888 1088 7920 1088 0
w 7920 1248 7920 1088 0
w 7888 1248 7920 1248 0
w 7920 1392 7920 1248 0
w 7888 1392 7920 1392 0
w 7920 1552 7920 1392 0
w 7888 1552 7920 1552 0
w 7920 1712 7920 1552 0
w 7888 1712 7920 1712 0
184 7824 1152 7856 1152 0 1
184 8048 1152 8080 1152 0 1
184 8048 992 8080 992 0 1
184 7824 992 7856 992 0 1
184 7824 1296 7856 1296 0 1
184 8048 1296 8080 1296 0 1
184 8048 1456 8080 1456 0 1
184 7824 1456 7856 1456 0 1
184 8048 1616 8080 1616 0 1
184 7824 1616 7856 1616 0 1
w 8048 2112 8048 1968 0
w 8032 2080 8032 1808 0
w 8032 2080 8048 2080 0
w 7920 1936 8016 1936 0
w 8032 1808 8048 1808 0
w 7824 1936 7824 1808 0
w 7824 2080 7824 1968 0
w 7824 1776 7728 1776 0
w 7824 2112 7824 2192 0
w 7776 2080 7824 2080 0
x 8069 960 8133 963 4 24 shift\s2
w 8144 2176 8112 2176 0
w 8144 2032 8144 2176 0
w 8144 2032 8112 2032 0
w 8144 1872 8144 2032 0
w 8144 1872 8144 1712 0
w 8112 1872 8144 1872 0
x 8444 883 8473 886 4 24 S1
L 8384 880 8432 880 0 1 false 5 0
w 7920 1776 8000 1776 0
w 7920 2080 8032 2080 0
w 7824 2192 8048 2192 0
w 8048 2112 8048 2192 0
184 8048 1776 8080 1776 0 1
184 8048 1936 8080 1936 0 1
184 8048 2080 8080 2080 0 1
x 8444 915 8473 918 4 24 S0
w 7920 2176 7888 2176 0
w 7920 2032 7920 2176 0
w 7920 2032 7888 2032 0
w 7920 1872 7920 2032 0
w 7920 1872 7888 1872 0
w 7920 1712 7920 1872 0
L 8384 912 8432 912 0 1 false 5 0
x 7752 1765 7782 1768 4 24 D2
x 7752 1924 7782 1927 4 24 D1
x 7754 2068 7784 2071 4 24 D0
x 7838 957 7902 960 4 24 shift\s1
w 7712 1936 7824 1936 0
L 7824 2192 7776 2192 0 0 false 5 0
w 7776 2080 7696 2080 0
184 7824 2080 7856 2080 0 1
184 7824 1936 7856 1936 0 1
184 7824 1776 7856 1776 0 1
w 7824 992 7792 992 0
w 7792 992 7792 1152 0
w 7792 1152 7792 1296 0
w 7792 1296 7792 1456 0
w 5520 416 5520 736 0
w 5520 736 6816 736 0
w 5584 416 5584 720 0
w 5584 720 6832 720 0
w 5648 416 5648 704 0
w 5648 704 6848 704 0
w 5712 416 5712 688 0
w 5712 688 6864 688 0
w 5808 416 5808 672 0
w 5808 672 7696 672 0
w 5872 416 5872 656 0
w 5872 656 7712 656 0
w 5936 416 5936 640 0
w 5936 640 7728 640 0
w 6000 416 6000 624 0
w 6000 624 7744 624 0
w 5776 2064 5792 2064 0
w 6848 2800 5792 2800 0
w 5792 2064 5792 2800 0
w 5776 1920 5808 1920 0
w 5808 1920 5808 2768 0
w 5776 1760 5824 1760 0
w 5824 1760 5824 2736 0
w 5776 1600 5840 1600 0
w 5840 1600 5840 2704 0
w 5776 1440 5856 1440 0
w 5856 1440 5856 2672 0
w 5776 1280 5872 1280 0
w 5872 1280 5872 2640 0
w 5776 1136 5888 1136 0
w 5888 1136 5888 2608 0
w 5776 976 5904 976 0
w 5904 976 5904 2576 0
w 6848 2768 5808 2768 0
w 6848 2736 5824 2736 0
w 6848 2704 5840 2704 0
w 6848 2672 5856 2672 0
w 6848 2640 5872 2640 0
w 6848 2608 5888 2608 0
w 6848 2576 5904 2576 0
w 6624 2064 6640 2064 0
w 6640 2064 6640 2544 0
w 6624 1920 6656 1920 0
w 6656 1920 6656 2512 0
w 6624 1760 6672 1760 0
w 6672 1760 6672 2480 0
w 6848 2544 6640 2544 0
w 6848 2512 6656 2512 0
w 6848 2480 6672 2480 0
w 6624 1600 6688 1600 0
w 6688 1600 6688 2448 0
w 6848 2448 6688 2448 0
w 6848 2416 6704 2416 0
w 6704 2416 6704 1440 0
w 6624 1440 6704 1440 0
w 6624 1280 6720 1280 0
w 6720 1280 6720 2384 0
w 6720 2384 6848 2384 0
w 6848 2352 6736 2352 0
w 6736 2352 6736 1136 0
w 6624 1136 6736 1136 0
w 6624 976 6752 976 0
w 6752 976 6752 2320 0
w 6848 2320 6752 2320 0
w 7488 2080 7504 2080 0
w 7504 2080 7504 2832 0
w 7488 1936 7520 1936 0
w 7520 1936 7520 2800 0
w 7488 1776 7536 1776 0
w 7536 1776 7536 2768 0
w 7488 1616 7552 1616 0
w 7552 1616 7552 2736 0
w 7488 1456 7568 1456 0
w 7568 1456 7568 2704 0
w 7488 1296 7584 1296 0
w 7584 1296 7584 2672 0
w 7488 1152 7600 1152 0
w 7600 1152 7600 2640 0
w 7488 992 7616 992 0
w 7616 992 7616 2608 0
w 8368 2080 8384 2080 0
w 8384 2080 8384 2416 0
w 8400 2384 8400 1936 0
w 8368 1936 8400 1936 0
w 8368 1776 8416 1776 0
w 8416 1776 8416 2352 0
w 8432 2320 8432 1616 0
w 8448 2288 8448 1456 0
w 8464 2256 8464 1296 0
w 8480 2224 8480 1152 0
w 8496 2192 8496 992 0
w 8368 1616 8432 1616 0
w 8368 1456 8448 1456 0
w 8368 1296 8464 1296 0
w 8368 1152 8480 1152 0
w 8368 992 8496 992 0
w 7808 2832 7504 2832 0
w 7808 2800 7520 2800 0
w 7808 2768 7536 2768 0
w 7808 2736 7552 2736 0
w 7808 2704 7568 2704 0
w 7808 2672 7584 2672 0
w 7808 2640 7600 2640 0
w 7808 2608 7616 2608 0
w 8240 2672 8496 2672 0
w 8480 2224 8496 2224 0
w 8464 2256 8496 2256 0
w 8448 2288 8496 2288 0
w 8432 2320 8496 2320 0
w 8416 2352 8496 2352 0
w 8496 2384 8400 2384 0
w 8496 2416 8384 2416 0
w 8256 2640 8496 2640 0
w 8272 2608 8496 2608 0
w 8288 2576 8496 2576 0
w 8304 2544 8496 2544 0
w 8320 2512 8496 2512 0
w 8336 2480 8496 2480 0
w 8352 2448 8496 2448 0
M 8592 2192 8672 2192 0 2.5
M 8592 2224 8672 2224 0 2.5
M 8592 2256 8672 2256 0 2.5
M 8592 2288 8672 2288 0 2.5
M 8592 2320 8672 2320 0 2.5
M 8592 2352 8672 2352 0 2.5
M 8592 2384 8672 2384 0 2.5
M 8592 2416 8672 2416 0 2.5
x 8663 2195 8728 2462 4 30 \s\s\sQ7\\n\s\s\sQ6\\n\s\s\sQ5\\n\s\s\sQ4\\n\s\s\sQ3\\n\s\s\sQ2\\n\s\s\sQ1\\n\s\s\sQ0\\n\s
198 7808 2352 7856 2352 0 8
198 6848 2320 6896 2320 0 8
198 8496 2192 8544 2192 0 8
w 7904 2352 8352 2352 0
w 8352 2352 8352 2448 0
w 8336 2480 8336 2384 0
w 7904 2384 8336 2384 0
w 7904 2416 8320 2416 0
w 8320 2416 8320 2512 0
w 7904 2448 8304 2448 0
w 8304 2448 8304 2544 0
w 7904 2480 8288 2480 0
w 8288 2480 8288 2576 0
w 7904 2512 8272 2512 0
w 8272 2512 8272 2608 0
w 7904 2544 8256 2544 0
w 8256 2544 8256 2640 0
w 7904 2576 8240 2576 0
w 8240 2576 8240 2672 0
w 6944 2320 7808 2320 0
w 7808 2320 7808 2352 0
w 6944 2352 7792 2352 0
w 7792 2352 7792 2384 0
w 7792 2384 7808 2384 0
w 6944 2384 7776 2384 0
w 7776 2384 7776 2416 0
w 7776 2416 7808 2416 0
w 6944 2416 7760 2416 0
w 7760 2416 7760 2448 0
w 7760 2448 7808 2448 0
w 6944 2448 7744 2448 0
w 7744 2448 7744 2480 0
w 7744 2480 7808 2480 0
w 6944 2480 7728 2480 0
w 7728 2480 7728 2512 0
w 7728 2512 7808 2512 0
w 6944 2512 7712 2512 0
w 7712 2512 7712 2544 0
w 7712 2544 7808 2544 0
w 6944 2544 7696 2544 0
w 7696 2544 7696 2576 0
w 7696 2576 7808 2576 0
