$ 1 0.000005 10.20027730826997 50 5 50 5e-11
L 816 -144 752 -144 0 0 false 5 0
L 800 -112 752 -112 0 0 false 5 0
x 717 -138 733 -135 4 24 A
x 717 -107 733 -104 4 24 B
w 816 -144 864 -144 0
M 1120 -112 1216 -112 0 2.5
w 816 -112 800 -112 0
152 864 -64 944 -64 0 2 0 5
w 816 -112 864 -112 0
w 816 -144 816 -80 0
w 816 -80 864 -80 0
w 800 -112 800 -48 0
w 800 -48 864 -48 0
150 1040 -112 1120 -112 0 2 0 5
w 1008 -128 1040 -128 0
w 944 -64 1040 -96 0
151 864 -128 944 -128 0 2 5 5
w 944 -128 1008 -128 0
