$ 1 0.000005 10.20027730826997 50 5 50 5e-11
L 784 -144 752 -144 0 0 false 5 0
M 1520 -80 1584 -80 0 2.5
L 784 -32 752 -32 0 0 false 5 0
x 719 -138 735 -135 4 24 A
x 718 -27 734 -24 4 24 B
x 717 72 734 75 4 24 C
L 784 64 752 64 0 0 false 5 0
L 784 160 752 160 0 0 false 5 0
x 715 165 732 168 4 24 D
150 864 -96 944 -96 0 2 0 5
150 976 -96 1056 -96 0 2 0 5
150 1088 -96 1168 -96 0 2 0 5
w 784 -144 864 -144 0
w 864 -144 864 -112 0
w 864 -144 976 -144 0
w 976 -144 976 -112 0
w 976 -144 1088 -144 0
w 1088 -144 1088 -112 0
w 784 -32 864 -32 0
w 864 -80 864 -32 0
150 864 16 944 16 0 2 0 5
150 992 16 1072 16 0 2 0 5
w 864 -32 864 0 0
w 784 64 864 64 0
w 864 32 864 64 0
w 864 -32 992 -32 0
w 992 -32 992 0 0
w 784 160 864 160 0
w 992 32 992 112 0
150 864 112 944 112 0 2 0 5
w 864 64 864 96 0
w 864 128 864 160 0
w 992 112 992 160 0
w 864 160 992 160 0
w 864 64 976 64 0
w 976 -80 976 64 0
w 1088 -80 1088 160 0
w 992 160 1088 160 0
152 976 208 1056 208 0 2 0 5
152 1056 -208 1152 -208 0 2 0 5
152 1168 -80 1296 -80 0 2 0 5
w 944 -96 944 -224 0
w 944 -224 1056 -224 0
w 1056 -96 1056 -192 0
w 944 112 944 224 0
w 944 224 976 224 0
w 944 16 960 16 0
w 960 16 960 192 0
w 960 192 976 192 0
w 1072 16 1168 16 0
w 1168 -64 1168 16 0
w 1152 -208 1296 -208 0
w 1056 208 1408 208 0
152 1296 -96 1408 -96 0 2 0 5
152 1408 -80 1520 -80 0 2 0 5
w 1296 -208 1296 -112 0
w 1408 -64 1408 208 0
x 731 -363 748 -360 4 24 D
L 800 -368 768 -368 0 0 false 5 0
L 800 -464 768 -464 0 1 false 5 0
x 733 -456 750 -453 4 24 C
x 738 -519 754 -516 4 24 B
x 738 -614 754 -611 4 24 A
L 800 -528 768 -528 0 0 false 5 0
L 800 -624 768 -624 0 0 false 5 0
150 896 -576 1008 -576 0 2 0 5
152 1040 -576 1152 -576 0 2 0 5
150 1152 -496 1264 -496 0 2 0 5
152 1264 -512 1376 -512 0 2 0 5
152 1376 -496 1488 -496 0 2 0 5
w 800 -624 896 -624 0
w 896 -624 896 -592 0
w 896 -624 1040 -624 0
w 1040 -624 1040 -592 0
w 800 -528 896 -528 0
w 896 -560 896 -528 0
w 896 -528 1040 -528 0
w 1040 -560 1040 -528 0
w 1040 -400 1040 -368 0
w 896 -368 1040 -368 0
w 896 -400 896 -368 0
w 800 -368 896 -368 0
w 1040 -464 1040 -432 0
w 896 -464 1040 -464 0
w 896 -464 896 -432 0
w 800 -464 896 -464 0
152 1040 -416 1152 -416 0 2 5 5
150 896 -416 1008 -416 0 2 0 5
w 1152 -576 1152 -512 0
w 1152 -416 1152 -480 0
w 1008 -576 1008 -640 0
w 1008 -640 1264 -640 0
w 1264 -640 1264 -528 0
w 1008 -416 1008 -352 0
w 1008 -352 1376 -352 0
w 1376 -480 1376 -352 0
M 1488 -496 1552 -496 0 2.5
