$ 1 0.000005 10.20027730826997 50 5 50 5e-11
w 896 -640 928 -656 0
w 896 -704 928 -688 0
154 928 -672 1040 -672 0 2 0 5
154 784 -640 896 -640 0 2 0 5
154 784 -704 896 -704 0 2 0 5
M 1040 -672 1520 -672 0 2.5
L 704 -720 672 -720 0 1 false 5 0
L 704 -688 672 -688 0 1 false 5 0
x 637 -718 653 -715 4 24 A
x 636 -683 652 -680 4 24 B
x 635 -648 652 -645 4 24 C
L 704 -656 672 -656 0 1 false 5 0
L 704 -624 672 -624 0 1 false 5 0
x 636 -617 653 -614 4 24 D
x 1480 -688 1525 -685 4 24 bit\s1
w 752 -720 784 -720 0
w 736 -688 784 -688 0
w 720 -656 784 -656 0
w 704 -624 784 -624 0
M 1472 -432 1520 -432 0 2.5
w 1264 -432 1264 -304 0
w 896 -304 1264 -304 0
w 896 -368 896 -304 0
w 1152 -592 1152 -480 0
w 896 -592 1152 -592 0
w 896 -528 896 -592 0
w 1040 -368 1040 -432 0
w 1040 -528 1040 -464 0
150 784 -368 896 -368 0 2 5 5
152 928 -368 1040 -368 0 2 5 5
w 720 -416 784 -416 0
w 784 -416 784 -384 0
w 784 -416 928 -416 0
w 928 -416 928 -384 0
w 704 -320 784 -320 0
w 784 -352 784 -320 0
w 784 -320 928 -320 0
w 928 -352 928 -320 0
w 928 -512 928 -480 0
w 784 -480 928 -480 0
w 784 -512 784 -480 0
w 736 -480 784 -480 0
w 928 -576 928 -544 0
w 784 -576 928 -576 0
w 784 -576 784 -544 0
w 752 -576 784 -576 0
152 1264 -448 1376 -448 0 2 5 5
152 1152 -464 1264 -464 0 2 5 5
150 1040 -448 1152 -448 0 2 5 5
152 928 -528 1040 -528 0 2 5 5
150 784 -528 896 -528 0 2 5 5
w 704 -720 752 -720 0
w 752 -720 752 -576 0
w 704 -688 736 -688 0
w 736 -688 736 -480 0
b 608 -784 1537 -602 0
b 1537 -597 610 -293 0
w 720 -656 720 -416 0
w 704 -624 704 -320 0
w 704 -656 720 -656 0
x 1485 -453 1530 -450 4 24 bit\s2
w 752 -576 752 -272 0
w 736 -480 736 -240 0
w 736 -240 752 -240 0
w 720 -416 720 -208 0
w 720 -208 752 -208 0
w 704 -320 704 -176 0
w 704 -176 752 -176 0
w 848 -256 864 -240 0
w 848 -192 864 -208 0
M 1376 -224 1520 -224 0 2.5
x 1485 -240 1530 -237 4 24 bit\s4
b 1536 -288 610 -154 0
150 752 -256 848 -256 0 2 5 5
150 752 -192 848 -192 0 2 5 5
150 864 -224 960 -224 0 2 5 5
w 960 -224 1376 -224 0
150 1376 -432 1472 -432 0 2 0 5
w 1376 -416 1376 -368 0
I 1376 -320 1376 -368 0 0.5 5
w 1376 -320 1376 -224 0
