$ 1 0.000005 10.20027730826997 50 5 50 5e-11
L 416 272 352 272 0 0 false 5 0
M 608 288 688 288 0 2.5
L 400 304 352 304 0 1 false 5 0
w 432 272 480 272 0
w 448 304 480 304 0
w 416 368 480 368 0
w 448 304 448 336 0
w 448 336 480 336 0
M 608 352 688 352 0 2.5
x 317 277 333 280 4 24 A
x 318 309 334 312 4 24 B
x 707 292 760 295 4 24 SUM
x 712 355 795 358 4 24 CARRY
154 480 288 608 288 0 2 5 5
150 480 352 608 352 0 2 0 5
195 512 448 544 448 0
x 712 483 795 486 4 24 CARRY
M 608 480 688 480 0 2.5
x 707 452 760 455 4 24 SUM
M 608 448 688 448 0 2.5
w 400 480 512 480 0
w 416 448 512 448 0
w 416 368 416 272 0
w 416 272 432 272 0
w 400 304 400 480 0
w 400 304 448 304 0
w 416 368 416 448 0
b 368 416 834 541 0
b 833 414 369 229 0
