$ 1 0.005 382.76258214399064 95 5 50 5e-11
b 1936 912 413 465 0
x 997 444 1198 447 4 24 Полный\sсумматор
x 788 846 1006 849 4 24 два\sполусумматора
b 1408 864 426 503 0
b 1920 896 1435 615 0
x 445 703 494 706 4 16 вход\sB
x 445 645 494 648 4 16 вход\sA
x 512 546 638 549 4 16 разряд\sпереноса
x 1453 516 1558 519 4 16 разряд\sсуммы
w 1504 848 1600 848 0
x 1685 783 1811 786 4 16 разряд\sпереноса
w 1600 784 1664 784 0
w 1392 672 1584 672 0
w 944 752 1488 752 0
x 1862 877 1898 880 4 24 OR
178 1616 672 1616 752 6 1 0.1 0.000003333222059270533 0.05 1000000 0.02 50 0.02 0.005 0
178 1520 752 1520 832 6 1 0.1 0.000003333222059270533 0.05 1000000 0.02 50 0.02 0.005 0
R 1616 672 1616 640 0 0 40 5 0 0 0.5
g 1584 752 1568 752 0 0
g 1488 832 1472 832 0 0
R 1520 752 1520 720 0 0 40 5 0 0 0.5
w 1600 752 1600 784 0
w 1600 784 1600 848 0
w 1504 848 1504 832 0
w 880 624 992 624 0
178 1248 688 1328 688 14 1 0.1 0.09950248758694087 0.05 1000000 0.02 50 0.02 0.005 1
178 1120 688 1200 688 14 1 0.1 0 0.05 1000000 0.02 50 0.02 0.005 0
w 1200 672 1248 688 0
g 1200 656 1216 656 0 0
g 1328 656 1344 656 0 0
g 1152 576 1152 592 0 0
g 1120 576 1120 592 0 0
w 1120 560 1152 528 0
w 1120 528 1152 560 0
178 1248 544 1152 544 6 1 0.1 0.09950248758694091 0.05 1000000 0.02 50 0.02 0.005 1
178 1024 544 1120 544 6 1 0.1 0 0.05 1000000 0.02 50 0.02 0.005 0
w 1248 624 992 624 0
w 1248 576 1248 624 0
w 1360 672 1392 672 0
w 1328 672 1360 672 0
g 1360 720 1376 720 0 0
r 1360 672 1360 720 0 100
w 1248 624 1248 656 0
w 1120 656 1024 656 0
w 1024 576 1024 656 0
g 1328 592 1360 592 0 0
r 1328 544 1328 592 0 100
w 1248 544 1328 544 0
R 1024 544 992 544 0 0 40 5 0 0 0.5
R 1120 688 1088 688 0 0 40 5 0 0 0.5
178 800 768 880 768 14 1 0.1 0.10000000000000005 0.05 1000000 0.02 50 0.02 0.005 1
178 672 768 752 768 14 1 0.1 0 0.05 1000000 0.02 50 0.02 0.005 0
w 752 752 800 768 0
g 752 736 768 736 0 0
g 880 736 896 736 0 0
g 704 656 704 672 0 0
g 672 656 672 672 0 0
w 672 640 704 608 0
w 672 608 704 640 0
178 800 624 704 624 6 1 0.1 0.10000000000000005 0.05 1000000 0.02 50 0.02 0.005 1
178 576 624 672 624 6 1 0.1 0 0.05 1000000 0.02 50 0.02 0.005 0
w 800 656 800 688 0
w 912 752 944 752 0
w 880 752 912 752 0
g 912 800 928 800 0 0
r 912 752 912 800 0 100
w 800 688 800 736 0
w 672 736 576 736 0
w 576 656 576 736 0
g 880 672 912 672 0 0
r 880 624 880 672 0 100
w 800 624 880 624 0
R 576 624 544 624 0 0 40 5 0 0 0.5
R 672 768 640 768 0 0 40 5 0 0 0.5
w 224 528 208 528 0
L 96 544 16 544 0 0 false 5 0
157 224 496 256 496 0 7 0 0
L 208 528 176 528 0 1 false 5 0
w 224 496 160 496 0
w 224 592 160 592 0
w 160 544 160 592 0
w 160 496 160 544 0
w 288 624 320 624 0
w 288 624 224 624 0
w 224 592 224 624 0
w 224 560 224 528 0
I 96 544 160 544 0 0.5 5
I 96 768 160 768 0 0.5 5
w 224 784 224 752 0
w 224 816 224 848 0
w 288 848 224 848 0
w 288 848 320 848 0
w 160 720 160 768 0
w 160 768 160 816 0
w 224 816 160 816 0
w 224 720 160 720 0
L 208 752 176 752 0 1 false 5 0
157 224 720 256 720 0 7 0 0
L 96 768 16 768 0 1 false 5 0
w 224 752 208 752 0
w 96 544 96 656 0
w 576 656 96 656 0
w 96 768 96 688 0
w 96 688 800 688 0
I 1968 544 2032 544 0 0.5 5
w 2096 560 2096 528 0
w 2096 592 2096 624 0
w 2160 624 2096 624 0
w 2160 624 2192 624 0
w 2032 496 2032 544 0
w 2032 544 2032 592 0
w 2096 592 2032 592 0
w 2096 496 2032 496 0
L 2080 528 2048 528 0 1 false 5 0
157 2096 496 2128 496 0 7 0 0
w 2096 528 2080 528 0
w 1328 544 1968 544 0
w 1664 784 1664 400 0
w 1664 400 496 400 0
w 1648 -208 496 -208 0
w 1648 176 1648 -208 0
w 1312 -64 1952 -64 0
w 2080 -80 2064 -80 0
157 2080 -112 2112 -112 0 7 0 0
L 2064 -80 2032 -80 0 1 false 5 0
w 2080 -112 2016 -112 0
w 2080 -16 2016 -16 0
w 2016 -64 2016 -16 0
w 2016 -112 2016 -64 0
w 2144 16 2176 16 0
w 2144 16 2080 16 0
w 2080 -16 2080 16 0
w 2080 -48 2080 -80 0
I 1952 -64 2016 -64 0 0.5 5
w 80 80 784 80 0
w 80 160 80 80 0
w 560 48 80 48 0
w 80 -64 80 48 0
w 208 144 192 144 0
L 80 160 0 160 0 0 false 5 0
157 208 112 240 112 0 7 0 0
L 192 144 160 144 0 1 false 5 0
w 208 112 144 112 0
w 208 208 144 208 0
w 144 160 144 208 0
w 144 112 144 160 0
w 272 240 304 240 0
w 272 240 208 240 0
w 208 208 208 240 0
w 208 176 208 144 0
I 80 160 144 160 0 0.5 5
I 80 -64 144 -64 0 0.5 5
w 208 -48 208 -80 0
w 208 -16 208 16 0
w 272 16 208 16 0
w 272 16 304 16 0
w 144 -112 144 -64 0
w 144 -64 144 -16 0
w 208 -16 144 -16 0
w 208 -112 144 -112 0
L 192 -80 160 -80 0 1 false 5 0
157 208 -112 240 -112 0 7 0 0
L 80 -64 0 -64 0 1 false 5 0
w 208 -80 192 -80 0
R 656 160 624 160 0 0 40 5 0 0 0.5
R 560 16 528 16 0 0 40 5 0 0 0.5
w 784 16 864 16 0
r 864 16 864 64 0 100
g 864 64 896 64 0 0
w 560 48 560 128 0
w 656 128 560 128 0
w 784 80 784 128 0
r 896 144 896 192 0 100
g 896 192 912 192 0 0
w 864 144 896 144 0
w 896 144 928 144 0
w 784 48 784 80 0
178 560 16 656 16 6 1 0.1 0.10000000000000005 0.05 1000000 0.02 50 0.02 0.005 1
178 784 16 688 16 6 1 0.1 0 0.05 1000000 0.02 50 0.02 0.005 0
w 656 0 688 32 0
w 656 32 688 0 0
g 656 48 656 64 0 0
g 688 48 688 64 0 0
g 864 128 880 128 0 0
g 736 128 752 128 0 0
w 736 144 784 160 0
178 656 160 736 160 14 1 0.1 0.10000000000000005 0.05 1000000 0.02 50 0.02 0.005 1
178 784 160 864 160 14 1 0.1 0 0.05 1000000 0.02 50 0.02 0.005 0
R 1104 80 1072 80 0 0 40 5 0 0 0.5
R 1008 -64 976 -64 0 0 40 5 0 0 0.5
w 1232 -64 1312 -64 0
r 1312 -64 1312 -16 0 100
g 1312 -16 1344 -16 0 0
w 1008 -32 1008 48 0
w 1104 48 1008 48 0
w 1232 16 1232 48 0
r 1344 64 1344 112 0 100
g 1344 112 1360 112 0 0
w 1312 64 1344 64 0
w 1344 64 1376 64 0
w 1232 -32 1232 16 0
w 1232 16 976 16 0
178 1008 -64 1104 -64 6 1 0.1 0.000004999750012499373 0.05 1000000 0.02 50 0.02 0.005 0
178 1232 -64 1136 -64 6 1 0.1 0.09950248758694115 0.05 1000000 0.02 50 0.02 0.005 1
w 1104 -80 1136 -48 0
w 1104 -48 1136 -80 0
g 1104 -32 1104 -16 0 0
g 1136 -32 1136 -16 0 0
g 1312 48 1328 48 0 0
g 1184 48 1200 48 0 0
w 1184 64 1232 80 0
178 1104 80 1184 80 14 1 0.1 0.000004999750012499373 0.05 1000000 0.02 50 0.02 0.005 0
178 1232 80 1312 80 14 1 0.1 0.09950248758694115 0.05 1000000 0.02 50 0.02 0.005 1
w 864 16 976 16 0
w 1488 240 1488 224 0
w 1584 176 1584 240 0
w 1584 144 1584 176 0
R 1504 144 1504 112 0 0 40 5 0 0 0.5
g 1472 224 1456 224 0 0
g 1568 144 1552 144 0 0
R 1600 64 1600 32 0 0 40 5 0 0 0.5
178 1504 144 1504 224 6 1 0.1 0.0000033332220592702533 0.05 1000000 0.02 50 0.02 0.005 0
178 1600 64 1600 144 6 1 0.1 0.0000033332220592709275 0.05 1000000 0.02 50 0.02 0.005 0
x 1846 269 1882 272 4 24 OR
w 928 144 1472 144 0
w 1376 64 1568 64 0
w 1584 176 1648 176 0
x 1664 185 1790 188 4 16 разряд\sпереноса
w 1488 240 1584 240 0
x 1437 -92 1542 -89 4 16 разряд\sсуммы
x 496 -62 622 -59 4 16 разряд\sпереноса
x 429 37 478 40 4 16 вход\sA
x 429 95 478 98 4 16 вход\sB
b 1904 288 1419 7 0
b 1392 256 410 -105 0
x 772 238 990 241 4 24 два\sполусумматора
x 981 -164 1182 -161 4 24 Полный\sсумматор
b 1920 304 397 -143 0
w 1008 -32 496 -32 0
w 496 -32 496 400 0
g 1024 576 528 576 0 0
w 496 -656 496 -208 0
w 1008 -656 496 -656 0
b 1920 -320 397 -767 0
x 981 -788 1182 -785 4 24 Полный\sсумматор
x 772 -386 990 -383 4 24 два\sполусумматора
b 1392 -368 410 -729 0
b 1904 -336 1419 -617 0
x 429 -529 478 -526 4 16 вход\sB
x 429 -587 478 -584 4 16 вход\sA
x 496 -686 622 -683 4 16 разряд\sпереноса
x 1437 -716 1542 -713 4 16 разряд\sсуммы
w 1488 -384 1584 -384 0
x 1664 -439 1790 -436 4 16 разряд\sпереноса
w 1584 -448 1648 -448 0
w 1376 -560 1568 -560 0
w 928 -480 1472 -480 0
x 1846 -355 1882 -352 4 24 OR
178 1600 -560 1600 -480 6 1 0.1 0.0000016666388847918226 0.05 1000000 0.02 50 0.02 0.005 0
178 1504 -480 1504 -400 6 1 0.1 0.09970089730807577 0.05 1000000 0.02 50 0.02 0.005 1
R 1600 -560 1600 -592 0 0 40 5 0 0 0.5
g 1568 -480 1552 -480 0 0
g 1472 -400 1456 -400 0 0
R 1504 -480 1504 -512 0 0 40 5 0 0 0.5
w 1584 -480 1584 -448 0
w 1584 -448 1584 -384 0
w 1488 -384 1488 -400 0
w 864 -608 976 -608 0
178 1232 -544 1312 -544 14 1 0.1 0.000003999839806415571 0.05 1000000 0.02 50 0.02 0.005 0
178 1104 -544 1184 -544 14 1 0.1 0.000004999750012499375 0.05 1000000 0.02 50 0.02 0.005 0
w 1184 -560 1232 -544 0
g 1184 -576 1200 -576 0 0
g 1312 -576 1328 -576 0 0
g 1136 -656 1136 -640 0 0
g 1104 -656 1104 -640 0 0
w 1104 -672 1136 -704 0
w 1104 -704 1136 -672 0
178 1232 -688 1136 -688 6 1 0.1 0.000003999839806415573 0.05 1000000 0.02 50 0.02 0.005 0
178 1008 -688 1104 -688 6 1 0.1 0.000004999750012499373 0.05 1000000 0.02 50 0.02 0.005 0
w 1232 -608 976 -608 0
w 1232 -656 1232 -608 0
w 1344 -560 1376 -560 0
w 1312 -560 1344 -560 0
g 1344 -512 1360 -512 0 0
r 1344 -560 1344 -512 0 100
w 1232 -608 1232 -576 0
w 1104 -576 1008 -576 0
w 1008 -656 1008 -576 0
g 1312 -640 1344 -640 0 0
r 1312 -688 1312 -640 0 100
w 1232 -688 1312 -688 0
R 1008 -688 976 -688 0 0 40 5 0 0 0.5
R 1104 -544 1072 -544 0 0 40 5 0 0 0.5
178 784 -464 864 -464 14 1 0.1 0.10000000000000005 0.05 1000000 0.02 50 0.02 0.005 1
178 656 -464 736 -464 14 1 0.1 0.10000000000000005 0.05 1000000 0.02 50 0.02 0.005 1
w 736 -480 784 -464 0
g 736 -496 752 -496 0 0
g 864 -496 880 -496 0 0
g 688 -576 688 -560 0 0
g 656 -576 656 -560 0 0
w 656 -592 688 -624 0
w 656 -624 688 -592 0
178 784 -608 688 -608 6 1 0.1 0.10000000000000005 0.05 1000000 0.02 50 0.02 0.005 1
178 560 -608 656 -608 6 1 0.1 0.10000000000000005 0.05 1000000 0.02 50 0.02 0.005 1
w 784 -576 784 -544 0
w 896 -480 928 -480 0
w 864 -480 896 -480 0
g 896 -432 912 -432 0 0
r 896 -480 896 -432 0 100
w 784 -544 784 -496 0
w 656 -496 560 -496 0
w 560 -576 560 -496 0
g 864 -560 896 -560 0 0
r 864 -608 864 -560 0 100
w 784 -608 864 -608 0
R 560 -608 528 -608 0 0 40 5 0 0 0.5
R 656 -464 624 -464 0 0 40 5 0 0 0.5
w 208 -704 192 -704 0
L 80 -688 0 -688 0 1 false 5 0
157 208 -736 240 -736 0 7 0 0
L 192 -704 160 -704 0 1 false 5 0
w 208 -736 144 -736 0
w 208 -640 144 -640 0
w 144 -688 144 -640 0
w 144 -736 144 -688 0
w 272 -608 304 -608 0
w 272 -608 208 -608 0
w 208 -640 208 -608 0
w 208 -672 208 -704 0
I 80 -688 144 -688 0 0.5 5
I 80 -464 144 -464 0 0.5 5
w 208 -448 208 -480 0
w 208 -416 208 -384 0
w 272 -384 208 -384 0
w 272 -384 304 -384 0
w 144 -512 144 -464 0
w 144 -464 144 -416 0
w 208 -416 144 -416 0
w 208 -512 144 -512 0
L 192 -480 160 -480 0 1 false 5 0
157 208 -512 240 -512 0 7 0 0
L 80 -464 0 -464 0 1 false 5 0
w 208 -480 192 -480 0
w 80 -688 80 -576 0
w 560 -576 80 -576 0
w 80 -464 80 -544 0
w 80 -544 784 -544 0
I 1952 -688 2016 -688 0 0.5 5
w 2080 -672 2080 -704 0
w 2080 -640 2080 -608 0
w 2144 -608 2080 -608 0
w 2144 -608 2176 -608 0
w 2016 -736 2016 -688 0
w 2016 -688 2016 -640 0
w 2080 -640 2016 -640 0
w 2080 -736 2016 -736 0
L 2064 -704 2032 -704 0 1 false 5 0
157 2080 -736 2112 -736 0 7 0 0
w 2080 -704 2064 -704 0
w 1312 -688 1952 -688 0
w 1648 -448 1648 -832 0
w 1648 -832 496 -832 0
w 496 -1264 496 -832 0
w 1008 -1264 496 -1264 0
b 1920 -928 397 -1375 0
x 981 -1396 1182 -1393 4 24 Полный\sсумматор
x 772 -994 990 -991 4 24 два\sполусумматора
b 1392 -976 410 -1337 0
b 1904 -944 1419 -1225 0
x 429 -1137 478 -1134 4 16 вход\sB
x 429 -1195 478 -1192 4 16 вход\sA
x 496 -1294 622 -1291 4 16 разряд\sпереноса
x 1437 -1324 1542 -1321 4 16 разряд\sсуммы
w 1488 -992 1584 -992 0
x 1664 -1047 1790 -1044 4 16 разряд\sпереноса
w 1584 -1056 1648 -1056 0
w 1376 -1168 1568 -1168 0
w 928 -1088 1472 -1088 0
x 1846 -963 1882 -960 4 24 OR
178 1600 -1168 1600 -1088 6 1 0.1 0.0000033332220592702545 0.05 1000000 0.02 50 0.02 0.005 0
178 1504 -1088 1504 -1008 6 1 0.1 0.000001666638884791823 0.05 1000000 0.02 50 0.02 0.005 0
R 1600 -1168 1600 -1200 0 0 40 5 0 0 0.5
g 1568 -1088 1552 -1088 0 0
g 1472 -1008 1456 -1008 0 0
R 1504 -1088 1504 -1120 0 0 40 5 0 0 0.5
w 1584 -1088 1584 -1056 0
w 1584 -1056 1584 -992 0
w 1488 -992 1488 -1008 0
w 864 -1216 976 -1216 0
178 1232 -1152 1312 -1152 14 1 0.1 0.0000039998398064155705 0.05 1000000 0.02 50 0.02 0.005 0
178 1104 -1152 1184 -1152 14 1 0.1 0.09980039921155696 0.05 1000000 0.02 50 0.02 0.005 1
w 1184 -1168 1232 -1152 0
g 1184 -1184 1200 -1184 0 0
g 1312 -1184 1328 -1184 0 0
g 1136 -1264 1136 -1248 0 0
g 1104 -1264 1104 -1248 0 0
w 1104 -1280 1136 -1312 0
w 1104 -1312 1136 -1280 0
178 1232 -1296 1136 -1296 6 1 0.1 0.00000399983980641557 0.05 1000000 0.02 50 0.02 0.005 0
178 1008 -1296 1104 -1296 6 1 0.1 0.09980039921155698 0.05 1000000 0.02 50 0.02 0.005 1
w 1232 -1216 976 -1216 0
w 1232 -1264 1232 -1216 0
w 1344 -1168 1376 -1168 0
w 1312 -1168 1344 -1168 0
g 1344 -1120 1360 -1120 0 0
r 1344 -1168 1344 -1120 0 100
w 1232 -1216 1232 -1184 0
w 1104 -1184 1008 -1184 0
w 1008 -1264 1008 -1184 0
g 1312 -1248 1344 -1248 0 0
r 1312 -1296 1312 -1248 0 100
w 1232 -1296 1312 -1296 0
R 1008 -1296 976 -1296 0 0 40 5 0 0 0.5
R 1104 -1152 1072 -1152 0 0 40 5 0 0 0.5
178 784 -1072 864 -1072 14 1 0.1 0 0.05 1000000 0.02 50 0.02 0.005 0
178 656 -1072 736 -1072 14 1 0.1 0 0.05 1000000 0.02 50 0.02 0.005 0
w 736 -1088 784 -1072 0
g 736 -1104 752 -1104 0 0
g 864 -1104 880 -1104 0 0
g 688 -1184 688 -1168 0 0
g 656 -1184 656 -1168 0 0
w 656 -1200 688 -1232 0
w 656 -1232 688 -1200 0
178 784 -1216 688 -1216 6 1 0.1 0 0.05 1000000 0.02 50 0.02 0.005 0
178 560 -1216 656 -1216 6 1 0.1 0 0.05 1000000 0.02 50 0.02 0.005 0
w 784 -1184 784 -1152 0
w 896 -1088 928 -1088 0
w 864 -1088 896 -1088 0
g 896 -1040 912 -1040 0 0
r 896 -1088 896 -1040 0 100
w 784 -1152 784 -1104 0
w 656 -1104 560 -1104 0
w 560 -1184 560 -1104 0
g 864 -1168 896 -1168 0 0
r 864 -1216 864 -1168 0 100
w 784 -1216 864 -1216 0
R 560 -1216 528 -1216 0 0 40 5 0 0 0.5
R 656 -1072 624 -1072 0 0 40 5 0 0 0.5
w 208 -1312 192 -1312 0
L 80 -1296 0 -1296 0 0 false 5 0
157 208 -1344 240 -1344 0 7 0 0
L 192 -1312 160 -1312 0 1 false 5 0
w 208 -1344 144 -1344 0
w 208 -1248 144 -1248 0
w 144 -1296 144 -1248 0
w 144 -1344 144 -1296 0
w 272 -1216 304 -1216 0
w 272 -1216 208 -1216 0
w 208 -1248 208 -1216 0
w 208 -1280 208 -1312 0
I 80 -1296 144 -1296 0 0.5 5
I 80 -1072 144 -1072 0 0.5 5
w 208 -1056 208 -1088 0
w 208 -1024 208 -992 0
w 272 -992 208 -992 0
w 272 -992 304 -992 0
w 144 -1120 144 -1072 0
w 144 -1072 144 -1024 0
w 208 -1024 144 -1024 0
w 208 -1120 144 -1120 0
L 192 -1088 160 -1088 0 1 false 5 0
157 208 -1120 240 -1120 0 7 0 0
L 80 -1072 0 -1072 0 0 false 5 0
w 208 -1088 192 -1088 0
w 80 -1296 80 -1184 0
w 560 -1184 80 -1184 0
w 80 -1072 80 -1152 0
w 80 -1152 784 -1152 0
I 1952 -1296 2016 -1296 0 0.5 5
w 2080 -1280 2080 -1312 0
w 2080 -1248 2080 -1216 0
w 2144 -1216 2080 -1216 0
w 2144 -1216 2176 -1216 0
w 2016 -1344 2016 -1296 0
w 2016 -1296 2016 -1248 0
w 2080 -1248 2016 -1248 0
w 2080 -1344 2016 -1344 0
L 2064 -1312 2032 -1312 0 1 false 5 0
157 2080 -1344 2112 -1344 0 7 0 0
w 2080 -1312 2064 -1312 0
w 1312 -1296 1952 -1296 0
w 1648 -1056 1648 -1440 0
w 1648 -1440 496 -1440 0
w 1648 -3536 592 -3536 0
w 1648 -3168 1648 -3536 0
w 1312 -3408 1952 -3408 0
w 2080 -3424 2064 -3424 0
157 2080 -3456 2112 -3456 0 7 0 0
L 2064 -3424 2032 -3424 0 1 false 5 0
w 2080 -3456 2016 -3456 0
w 2080 -3360 2016 -3360 0
w 2016 -3408 2016 -3360 0
w 2016 -3456 2016 -3408 0
w 2144 -3328 2176 -3328 0
w 2144 -3328 2080 -3328 0
w 2080 -3360 2080 -3328 0
w 2080 -3392 2080 -3424 0
I 1952 -3408 2016 -3408 0 0.5 5
w 80 -3264 784 -3264 0
w 80 -3184 80 -3264 0
w 560 -3296 80 -3296 0
w 80 -3408 80 -3296 0
w 208 -3200 192 -3200 0
L 80 -3184 0 -3184 0 0 false 5 0
157 208 -3232 240 -3232 0 7 0 0
L 192 -3200 160 -3200 0 1 false 5 0
w 208 -3232 144 -3232 0
w 208 -3136 144 -3136 0
w 144 -3184 144 -3136 0
w 144 -3232 144 -3184 0
w 272 -3104 304 -3104 0
w 272 -3104 208 -3104 0
w 208 -3136 208 -3104 0
w 208 -3168 208 -3200 0
I 80 -3184 144 -3184 0 0.5 5
I 80 -3408 144 -3408 0 0.5 5
w 208 -3392 208 -3424 0
w 208 -3360 208 -3328 0
w 272 -3328 208 -3328 0
w 272 -3328 304 -3328 0
w 144 -3456 144 -3408 0
w 144 -3408 144 -3360 0
w 208 -3360 144 -3360 0
w 208 -3456 144 -3456 0
L 192 -3424 160 -3424 0 1 false 5 0
157 208 -3456 240 -3456 0 7 0 0
L 80 -3408 0 -3408 0 0 false 5 0
w 208 -3424 192 -3424 0
R 656 -3184 624 -3184 0 0 40 5 0 0 0.5
R 560 -3328 528 -3328 0 0 40 5 0 0 0.5
w 784 -3328 864 -3328 0
r 864 -3328 864 -3280 0 100
g 864 -3280 896 -3280 0 0
w 560 -3296 560 -3216 0
w 656 -3216 560 -3216 0
w 784 -3264 784 -3216 0
r 896 -3200 896 -3152 0 100
g 896 -3152 912 -3152 0 0
w 864 -3200 896 -3200 0
w 896 -3200 928 -3200 0
w 784 -3296 784 -3264 0
178 560 -3328 656 -3328 6 1 0.1 0 0.05 1000000 0.02 50 0.02 0.005 0
178 784 -3328 688 -3328 6 1 0.1 0 0.05 1000000 0.02 50 0.02 0.005 0
w 656 -3344 688 -3312 0
w 656 -3312 688 -3344 0
g 656 -3296 656 -3280 0 0
g 688 -3296 688 -3280 0 0
g 864 -3216 880 -3216 0 0
g 736 -3216 752 -3216 0 0
w 736 -3200 784 -3184 0
178 656 -3184 736 -3184 14 1 0.1 0 0.05 1000000 0.02 50 0.02 0.005 0
178 784 -3184 864 -3184 14 1 0.1 0 0.05 1000000 0.02 50 0.02 0.005 0
R 1104 -3264 1072 -3264 0 0 40 5 0 0 0.5
R 1008 -3408 976 -3408 0 0 40 5 0 0 0.5
w 1232 -3408 1312 -3408 0
r 1312 -3408 1312 -3360 0 100
g 1312 -3360 1344 -3360 0 0
w 1008 -3376 1008 -3296 0
w 1104 -3296 1008 -3296 0
w 1232 -3328 1232 -3296 0
r 1344 -3280 1344 -3232 0 100
g 1344 -3232 1360 -3232 0 0
w 1312 -3280 1344 -3280 0
w 1344 -3280 1376 -3280 0
w 1232 -3376 1232 -3328 0
w 1232 -3328 976 -3328 0
178 1008 -3408 1104 -3408 6 1 0.1 0.0000049997500124993745 0.05 1000000 0.02 50 0.02 0.005 0
178 1232 -3408 1136 -3408 6 1 0.1 0.000003999839806415567 0.05 1000000 0.02 50 0.02 0.005 0
w 1104 -3424 1136 -3392 0
w 1104 -3392 1136 -3424 0
g 1104 -3376 1104 -3360 0 0
g 1136 -3376 1136 -3360 0 0
g 1312 -3296 1328 -3296 0 0
g 1184 -3296 1200 -3296 0 0
w 1184 -3280 1232 -3264 0
178 1104 -3264 1184 -3264 14 1 0.1 0.000004999750012499373 0.05 1000000 0.02 50 0.02 0.005 0
178 1232 -3264 1312 -3264 14 1 0.1 0.000003999839806415568 0.05 1000000 0.02 50 0.02 0.005 0
w 864 -3328 976 -3328 0
w 1488 -3104 1488 -3120 0
w 1584 -3168 1584 -3104 0
w 1584 -3200 1584 -3168 0
R 1504 -3200 1504 -3232 0 0 40 5 0 0 0.5
g 1472 -3120 1456 -3120 0 0
g 1568 -3200 1552 -3200 0 0
R 1600 -3280 1600 -3312 0 0 40 5 0 0 0.5
178 1504 -3200 1504 -3120 6 1 0.1 0.0000016666388862604936 0.05 1000000 0.02 50 0.02 0.005 0
178 1600 -3280 1600 -3200 6 1 0.1 0.0000016666388862604936 0.05 1000000 0.02 50 0.02 0.005 0
x 1846 -3075 1882 -3072 4 24 OR
w 928 -3200 1472 -3200 0
w 1376 -3280 1568 -3280 0
w 1584 -3168 1648 -3168 0
x 1664 -3159 1790 -3156 4 16 разряд\sпереноса
w 1488 -3104 1584 -3104 0
x 1437 -3436 1542 -3433 4 16 разряд\sсуммы
x 496 -3406 622 -3403 4 16 разряд\sпереноса
x 429 -3307 478 -3304 4 16 вход\sA
x 429 -3249 478 -3246 4 16 вход\sB
b 1904 -3056 1419 -3337 0
b 1392 -3088 410 -3449 0
x 772 -3106 990 -3103 4 24 два\sполусумматора
x 981 -3508 1182 -3505 4 24 Полный\sсумматор
b 1920 -3040 397 -3487 0
w 1008 -3376 496 -3376 0
w 496 -3376 496 -3008 0
w 1648 -3008 496 -3008 0
w 1648 -2656 1648 -3008 0
w 1312 -2896 1952 -2896 0
w 2080 -2912 2064 -2912 0
157 2080 -2944 2112 -2944 0 7 0 0
L 2064 -2912 2032 -2912 0 1 false 5 0
w 2080 -2944 2016 -2944 0
w 2080 -2848 2016 -2848 0
w 2016 -2896 2016 -2848 0
w 2016 -2944 2016 -2896 0
w 2144 -2816 2176 -2816 0
w 2144 -2816 2080 -2816 0
w 2080 -2848 2080 -2816 0
w 2080 -2880 2080 -2912 0
I 1952 -2896 2016 -2896 0 0.5 5
w 80 -2752 784 -2752 0
w 80 -2672 80 -2752 0
w 560 -2784 80 -2784 0
w 80 -2896 80 -2784 0
w 208 -2688 192 -2688 0
L 80 -2672 0 -2672 0 0 false 5 0
157 208 -2720 240 -2720 0 7 0 0
L 192 -2688 160 -2688 0 1 false 5 0
w 208 -2720 144 -2720 0
w 208 -2624 144 -2624 0
w 144 -2672 144 -2624 0
w 144 -2720 144 -2672 0
w 272 -2592 304 -2592 0
w 272 -2592 208 -2592 0
w 208 -2624 208 -2592 0
w 208 -2656 208 -2688 0
I 80 -2672 144 -2672 0 0.5 5
I 80 -2896 144 -2896 0 0.5 5
w 208 -2880 208 -2912 0
w 208 -2848 208 -2816 0
w 272 -2816 208 -2816 0
w 272 -2816 304 -2816 0
w 144 -2944 144 -2896 0
w 144 -2896 144 -2848 0
w 208 -2848 144 -2848 0
w 208 -2944 144 -2944 0
L 192 -2912 160 -2912 0 1 false 5 0
157 208 -2944 240 -2944 0 7 0 0
L 80 -2896 0 -2896 0 0 false 5 0
w 208 -2912 192 -2912 0
R 656 -2672 624 -2672 0 0 40 5 0 0 0.5
R 560 -2816 528 -2816 0 0 40 5 0 0 0.5
w 784 -2816 864 -2816 0
r 864 -2816 864 -2768 0 100
g 864 -2768 896 -2768 0 0
w 560 -2784 560 -2704 0
w 656 -2704 560 -2704 0
w 784 -2752 784 -2704 0
r 896 -2688 896 -2640 0 100
g 896 -2640 912 -2640 0 0
w 864 -2688 896 -2688 0
w 896 -2688 928 -2688 0
w 784 -2784 784 -2752 0
178 560 -2816 656 -2816 6 1 0.1 0 0.05 1000000 0.02 50 0.02 0.005 0
178 784 -2816 688 -2816 6 1 0.1 0 0.05 1000000 0.02 50 0.02 0.005 0
w 656 -2832 688 -2800 0
w 656 -2800 688 -2832 0
g 656 -2784 656 -2768 0 0
g 688 -2784 688 -2768 0 0
g 864 -2704 880 -2704 0 0
g 736 -2704 752 -2704 0 0
w 736 -2688 784 -2672 0
178 656 -2672 736 -2672 14 1 0.1 0 0.05 1000000 0.02 50 0.02 0.005 0
178 784 -2672 864 -2672 14 1 0.1 0 0.05 1000000 0.02 50 0.02 0.005 0
R 1104 -2752 1072 -2752 0 0 40 5 0 0 0.5
R 1008 -2896 976 -2896 0 0 40 5 0 0 0.5
w 1232 -2896 1312 -2896 0
r 1312 -2896 1312 -2848 0 100
g 1312 -2848 1344 -2848 0 0
w 1008 -2864 1008 -2784 0
w 1104 -2784 1008 -2784 0
w 1232 -2816 1232 -2784 0
r 1344 -2768 1344 -2720 0 100
g 1344 -2720 1360 -2720 0 0
w 1312 -2768 1344 -2768 0
w 1344 -2768 1376 -2768 0
w 1232 -2864 1232 -2816 0
w 1232 -2816 976 -2816 0
178 1008 -2896 1104 -2896 6 1 0.1 0.0000049997500124993745 0.05 1000000 0.02 50 0.02 0.005 0
178 1232 -2896 1136 -2896 6 1 0.1 0.000003999839806415567 0.05 1000000 0.02 50 0.02 0.005 0
w 1104 -2912 1136 -2880 0
w 1104 -2880 1136 -2912 0
g 1104 -2864 1104 -2848 0 0
g 1136 -2864 1136 -2848 0 0
g 1312 -2784 1328 -2784 0 0
g 1184 -2784 1200 -2784 0 0
w 1184 -2768 1232 -2752 0
178 1104 -2752 1184 -2752 14 1 0.1 0.000004999750012499373 0.05 1000000 0.02 50 0.02 0.005 0
178 1232 -2752 1312 -2752 14 1 0.1 0.000003999839806415568 0.05 1000000 0.02 50 0.02 0.005 0
w 864 -2816 976 -2816 0
w 1488 -2592 1488 -2608 0
w 1584 -2656 1584 -2592 0
w 1584 -2688 1584 -2656 0
R 1504 -2688 1504 -2720 0 0 40 5 0 0 0.5
g 1472 -2608 1456 -2608 0 0
g 1568 -2688 1552 -2688 0 0
R 1600 -2768 1600 -2800 0 0 40 5 0 0 0.5
178 1504 -2688 1504 -2608 6 1 0.1 0.0000016666388862604936 0.05 1000000 0.02 50 0.02 0.005 0
178 1600 -2768 1600 -2688 6 1 0.1 0.0000016666388862604936 0.05 1000000 0.02 50 0.02 0.005 0
x 1846 -2563 1882 -2560 4 24 OR
w 928 -2688 1472 -2688 0
w 1376 -2768 1568 -2768 0
w 1584 -2656 1648 -2656 0
x 1664 -2647 1790 -2644 4 16 разряд\sпереноса
w 1488 -2592 1584 -2592 0
x 1437 -2924 1542 -2921 4 16 разряд\sсуммы
x 496 -2894 622 -2891 4 16 разряд\sпереноса
x 429 -2795 478 -2792 4 16 вход\sA
x 429 -2737 478 -2734 4 16 вход\sB
b 1904 -2544 1419 -2825 0
b 1392 -2576 410 -2937 0
x 772 -2594 990 -2591 4 24 два\sполусумматора
x 986 -2961 1187 -2958 4 24 Полный\sсумматор
b 1920 -2528 397 -2975 0
w 1008 -2864 496 -2864 0
w 496 -2864 496 -2496 0
w 496 -2352 496 -2000 0
w 1008 -2352 496 -2352 0
b 1920 -2016 397 -2463 0
x 980 -2449 1181 -2446 4 24 Полный\sсумматор
x 772 -2082 990 -2079 4 24 два\sполусумматора
b 1392 -2064 410 -2425 0
b 1904 -2032 1419 -2313 0
x 429 -2225 478 -2222 4 16 вход\sB
x 429 -2283 478 -2280 4 16 вход\sA
x 496 -2382 622 -2379 4 16 разряд\sпереноса
x 1437 -2412 1542 -2409 4 16 разряд\sсуммы
w 1488 -2080 1584 -2080 0
x 1664 -2135 1790 -2132 4 16 разряд\sпереноса
w 1584 -2144 1648 -2144 0
w 1376 -2256 1568 -2256 0
w 928 -2176 1472 -2176 0
x 1846 -2051 1882 -2048 4 24 OR
178 1600 -2256 1600 -2176 6 1 0.1 0.0000016666388847918226 0.05 1000000 0.02 50 0.02 0.005 0
178 1504 -2176 1504 -2096 6 1 0.1 0.000001666638884791823 0.05 1000000 0.02 50 0.02 0.005 0
R 1600 -2256 1600 -2288 0 0 40 5 0 0 0.5
g 1568 -2176 1552 -2176 0 0
g 1472 -2096 1456 -2096 0 0
R 1504 -2176 1504 -2208 0 0 40 5 0 0 0.5
w 1584 -2176 1584 -2144 0
w 1584 -2144 1584 -2080 0
w 1488 -2080 1488 -2096 0
w 864 -2304 976 -2304 0
178 1232 -2240 1312 -2240 14 1 0.1 0.0000039998398064155705 0.05 1000000 0.02 50 0.02 0.005 0
178 1104 -2240 1184 -2240 14 1 0.1 0.0000049997500124993745 0.05 1000000 0.02 50 0.02 0.005 0
w 1184 -2256 1232 -2240 0
g 1184 -2272 1200 -2272 0 0
g 1312 -2272 1328 -2272 0 0
g 1136 -2352 1136 -2336 0 0
g 1104 -2352 1104 -2336 0 0
w 1104 -2368 1136 -2400 0
w 1104 -2400 1136 -2368 0
178 1232 -2384 1136 -2384 6 1 0.1 0.00000399983980641557 0.05 1000000 0.02 50 0.02 0.005 0
178 1008 -2384 1104 -2384 6 1 0.1 0.000004999750012499373 0.05 1000000 0.02 50 0.02 0.005 0
w 1232 -2304 976 -2304 0
w 1232 -2352 1232 -2304 0
w 1344 -2256 1376 -2256 0
w 1312 -2256 1344 -2256 0
g 1344 -2208 1360 -2208 0 0
r 1344 -2256 1344 -2208 0 100
w 1232 -2304 1232 -2272 0
w 1104 -2272 1008 -2272 0
w 1008 -2352 1008 -2272 0
g 1312 -2336 1344 -2336 0 0
r 1312 -2384 1312 -2336 0 100
w 1232 -2384 1312 -2384 0
R 1008 -2384 976 -2384 0 0 40 5 0 0 0.5
R 1104 -2240 1072 -2240 0 0 40 5 0 0 0.5
178 784 -2160 864 -2160 14 1 0.1 0 0.05 1000000 0.02 50 0.02 0.005 0
178 656 -2160 736 -2160 14 1 0.1 0 0.05 1000000 0.02 50 0.02 0.005 0
w 736 -2176 784 -2160 0
g 736 -2192 752 -2192 0 0
g 864 -2192 880 -2192 0 0
g 688 -2272 688 -2256 0 0
g 656 -2272 656 -2256 0 0
w 656 -2288 688 -2320 0
w 656 -2320 688 -2288 0
178 784 -2304 688 -2304 6 1 0.1 0 0.05 1000000 0.02 50 0.02 0.005 0
178 560 -2304 656 -2304 6 1 0.1 0 0.05 1000000 0.02 50 0.02 0.005 0
w 784 -2272 784 -2240 0
w 896 -2176 928 -2176 0
w 864 -2176 896 -2176 0
g 896 -2128 912 -2128 0 0
r 896 -2176 896 -2128 0 100
w 784 -2240 784 -2192 0
w 656 -2192 560 -2192 0
w 560 -2272 560 -2192 0
g 864 -2256 896 -2256 0 0
r 864 -2304 864 -2256 0 100
w 784 -2304 864 -2304 0
R 560 -2304 528 -2304 0 0 40 5 0 0 0.5
R 656 -2160 624 -2160 0 0 40 5 0 0 0.5
w 208 -2400 192 -2400 0
L 80 -2384 0 -2384 0 0 false 5 0
157 208 -2432 240 -2432 0 7 0 0
L 192 -2400 160 -2400 0 1 false 5 0
w 208 -2432 144 -2432 0
w 208 -2336 144 -2336 0
w 144 -2384 144 -2336 0
w 144 -2432 144 -2384 0
w 272 -2304 304 -2304 0
w 272 -2304 208 -2304 0
w 208 -2336 208 -2304 0
w 208 -2368 208 -2400 0
I 80 -2384 144 -2384 0 0.5 5
I 80 -2160 144 -2160 0 0.5 5
w 208 -2144 208 -2176 0
w 208 -2112 208 -2080 0
w 272 -2080 208 -2080 0
w 272 -2080 304 -2080 0
w 144 -2208 144 -2160 0
w 144 -2160 144 -2112 0
w 208 -2112 144 -2112 0
w 208 -2208 144 -2208 0
L 192 -2176 160 -2176 0 1 false 5 0
157 208 -2208 240 -2208 0 7 0 0
L 80 -2160 0 -2160 0 0 false 5 0
w 208 -2176 192 -2176 0
w 80 -2384 80 -2272 0
w 560 -2272 80 -2272 0
w 80 -2160 80 -2240 0
w 80 -2240 784 -2240 0
I 1952 -2384 2016 -2384 0 0.5 5
w 2080 -2368 2080 -2400 0
w 2080 -2336 2080 -2304 0
w 2144 -2304 2080 -2304 0
w 2144 -2304 2176 -2304 0
w 2016 -2432 2016 -2384 0
w 2016 -2384 2016 -2336 0
w 2080 -2336 2016 -2336 0
w 2080 -2432 2016 -2432 0
L 2064 -2400 2032 -2400 0 1 false 5 0
157 2080 -2432 2112 -2432 0 7 0 0
w 2080 -2400 2064 -2400 0
w 1312 -2384 1952 -2384 0
w 1648 -2144 1648 -2496 0
w 1648 -2496 496 -2496 0
w 1664 -2000 496 -2000 0
w 1664 -1648 1664 -2000 0
w 1328 -1888 1968 -1888 0
w 2096 -1904 2080 -1904 0
157 2096 -1936 2128 -1936 0 7 0 0
L 2080 -1904 2048 -1904 0 1 false 5 0
w 2096 -1936 2032 -1936 0
w 2096 -1840 2032 -1840 0
w 2032 -1888 2032 -1840 0
w 2032 -1936 2032 -1888 0
w 2160 -1808 2192 -1808 0
w 2160 -1808 2096 -1808 0
w 2096 -1840 2096 -1808 0
w 2096 -1872 2096 -1904 0
I 1968 -1888 2032 -1888 0 0.5 5
w 96 -1744 800 -1744 0
w 96 -1664 96 -1744 0
w 576 -1776 96 -1776 0
w 96 -1888 96 -1776 0
w 224 -1680 208 -1680 0
L 96 -1664 16 -1664 0 0 false 5 0
157 224 -1712 256 -1712 0 7 0 0
L 208 -1680 176 -1680 0 1 false 5 0
w 224 -1712 160 -1712 0
w 224 -1616 160 -1616 0
w 160 -1664 160 -1616 0
w 160 -1712 160 -1664 0
w 288 -1584 320 -1584 0
w 288 -1584 224 -1584 0
w 224 -1616 224 -1584 0
w 224 -1648 224 -1680 0
I 96 -1664 160 -1664 0 0.5 5
I 96 -1888 160 -1888 0 0.5 5
w 224 -1872 224 -1904 0
w 224 -1840 224 -1808 0
w 288 -1808 224 -1808 0
w 288 -1808 320 -1808 0
w 160 -1936 160 -1888 0
w 160 -1888 160 -1840 0
w 224 -1840 160 -1840 0
w 224 -1936 160 -1936 0
L 208 -1904 176 -1904 0 1 false 5 0
157 224 -1936 256 -1936 0 7 0 0
L 96 -1888 16 -1888 0 0 false 5 0
w 224 -1904 208 -1904 0
R 672 -1664 640 -1664 0 0 40 5 0 0 0.5
R 576 -1808 544 -1808 0 0 40 5 0 0 0.5
w 800 -1808 880 -1808 0
r 880 -1808 880 -1760 0 100
g 880 -1760 912 -1760 0 0
w 576 -1776 576 -1696 0
w 672 -1696 576 -1696 0
w 800 -1744 800 -1696 0
r 912 -1680 912 -1632 0 100
g 912 -1632 928 -1632 0 0
w 880 -1680 912 -1680 0
w 912 -1680 944 -1680 0
w 800 -1776 800 -1744 0
178 576 -1808 672 -1808 6 1 0.1 2.2778795084100795e-213 0.05 1000000 0.02 50 0.02 0.005 0
178 800 -1808 704 -1808 6 1 0.1 2.2778795084100795e-213 0.05 1000000 0.02 50 0.02 0.005 0
w 672 -1824 704 -1792 0
w 672 -1792 704 -1824 0
g 672 -1776 672 -1760 0 0
g 704 -1776 704 -1760 0 0
g 880 -1696 896 -1696 0 0
g 752 -1696 768 -1696 0 0
w 752 -1680 800 -1664 0
178 672 -1664 752 -1664 14 1 0.1 2.2778795084100795e-213 0.05 1000000 0.02 50 0.02 0.005 0
178 800 -1664 880 -1664 14 1 0.1 2.2778795084100795e-213 0.05 1000000 0.02 50 0.02 0.005 0
R 1120 -1744 1088 -1744 0 0 40 5 0 0 0.5
R 1024 -1888 992 -1888 0 0 40 5 0 0 0.5
w 1248 -1888 1328 -1888 0
r 1328 -1888 1328 -1840 0 100
g 1328 -1840 1360 -1840 0 0
w 1024 -1856 1024 -1776 0
w 1120 -1776 1024 -1776 0
w 1248 -1808 1248 -1776 0
r 1360 -1760 1360 -1712 0 100
g 1360 -1712 1376 -1712 0 0
w 1328 -1760 1360 -1760 0
w 1360 -1760 1392 -1760 0
w 1248 -1856 1248 -1808 0
w 1248 -1808 992 -1808 0
178 1024 -1888 1120 -1888 6 1 0.1 0.0000049997500124993745 0.05 1000000 0.02 50 0.02 0.005 0
178 1248 -1888 1152 -1888 6 1 0.1 0.000003999839806415573 0.05 1000000 0.02 50 0.02 0.005 0
w 1120 -1904 1152 -1872 0
w 1120 -1872 1152 -1904 0
g 1120 -1856 1120 -1840 0 0
g 1152 -1856 1152 -1840 0 0
g 1328 -1776 1344 -1776 0 0
g 1200 -1776 1216 -1776 0 0
w 1200 -1760 1248 -1744 0
178 1120 -1744 1200 -1744 14 1 0.1 0.0000049997500124993745 0.05 1000000 0.02 50 0.02 0.005 0
178 1248 -1744 1328 -1744 14 1 0.1 0.000003999839806415573 0.05 1000000 0.02 50 0.02 0.005 0
w 880 -1808 992 -1808 0
w 1504 -1584 1504 -1600 0
w 1600 -1648 1600 -1584 0
w 1600 -1680 1600 -1648 0
R 1520 -1680 1520 -1712 0 0 40 5 0 0 0.5
g 1488 -1600 1472 -1600 0 0
g 1584 -1680 1568 -1680 0 0
R 1616 -1760 1616 -1792 0 0 40 5 0 0 0.5
178 1520 -1680 1520 -1600 6 1 0.1 0.0000016666388862604934 0.05 1000000 0.02 50 0.02 0.005 0
178 1616 -1760 1616 -1680 6 1 0.1 0.0000016666388862604936 0.05 1000000 0.02 50 0.02 0.005 0
x 1862 -1555 1898 -1552 4 24 OR
w 944 -1680 1488 -1680 0
w 1392 -1760 1584 -1760 0
w 1600 -1648 1664 -1648 0
x 1685 -1649 1811 -1646 4 16 разряд\sпереноса
w 1504 -1584 1600 -1584 0
x 1453 -1916 1558 -1913 4 16 разряд\sсуммы
x 512 -1886 638 -1883 4 16 разряд\sпереноса
x 445 -1787 494 -1784 4 16 вход\sA
x 445 -1729 494 -1726 4 16 вход\sB
b 1920 -1536 1435 -1817 0
b 1408 -1568 426 -1929 0
x 788 -1586 1006 -1583 4 24 два\sполусумматора
x 991 -1949 1192 -1946 4 24 Полный\sсумматор
b 1936 -1520 413 -1967 0
w 496 -1440 496 -1856 0
w 496 -1856 1024 -1856 0
L 592 -3536 512 -3536 0 0 false 5 0
x 526 -3551 652 -3548 4 16 разряд\sпереноса

