$ 1 0.000005 10.20027730826997 50 5 50 5e-11
L 800 -48 704 -48 0 0 false 5 0
M 1088 16 1184 16 0 2.5
x 776 -72 1098 -69 4 24 (A\s\a\a\sB)\s||\s(!A\s\a\a\s!B)\s\q\sXNOR
L 768 48 704 48 0 1 false 5 0
x 676 -42 692 -39 4 24 A
x 676 53 692 56 4 24 B
150 832 -32 928 -32 0 2 0 5
150 880 32 976 32 0 2 0 5
I 832 48 880 48 0 0.5 5
I 832 16 880 16 0 0.5 5
w 816 48 832 48 0
w 800 -48 832 -48 0
w 800 -48 800 16 0
w 800 16 832 16 0
w 832 -16 816 -16 0
w 768 48 768 -16 0
w 816 -16 768 -16 0
w 816 48 768 48 0
152 976 16 1088 16 0 2 0 5
w 928 -32 976 0 0
