$ 1 0.000005 10.20027730826997 50 5 43 5e-11
w 416 400 560 400 0
v 416 400 304 400 0 0 40 5 0 0 0.5
162 560 352 560 400 2 default-led 1 0 0 0.01
r 304 400 176 400 0 1000
s 320 352 416 352 0 1 false
x 355 338 370 341 4 24 Ч
s 176 272 288 272 0 0 false
s 176 352 176 272 0 0 false
w 176 400 176 352 0
x 149 319 166 322 4 24 С
w 176 272 176 192 0
s 176 192 288 192 0 1 false
s 288 160 416 160 0 1 false
w 288 160 288 192 0
w 288 192 288 224 0
w 416 192 416 224 0
x 223 296 245 299 4 24 Ж
x 225 215 244 218 4 24 М
x 344 145 359 148 4 24 Б
x 347 248 362 251 4 24 Б
x 347 214 363 217 4 24 Р
S 288 272 368 272 0 1 false 0 2
w 176 352 320 352 0
s 288 224 416 224 0 1 false
w 560 352 416 352 0
w 416 288 368 288 0
w 416 192 560 192 0
w 560 192 560 352 0
w 416 160 416 192 0
w 416 224 416 288 0

