$ 1 0.000005 188.4969023643409 50 5 43 5e-11
150 -48 192 48 192 0 2 0 5
154 -48 112 48 112 0 2 5 5
w -48 208 -80 208 0
w -80 208 -80 128 0
w -80 128 -96 128 0
w -64 96 -64 176 0
w -48 176 -64 176 0
w -64 96 -96 96 0
L -96 96 -144 96 0 1 false 5 0
L -96 128 -144 128 0 0 false 5 0
M 48 112 80 112 0 2.5
M 48 192 80 192 0 2.5
x -216 99 -167 102 4 16 вход\sA
x -215 132 -166 135 4 16 вход\sB
x 100 114 205 117 4 16 разряд\sсуммы
x 99 196 225 199 4 16 разряд\sпереноса
195 -96 320 -48 320 0
x -207 324 -158 327 4 16 вход\sA
x -208 356 -159 359 4 16 вход\sB
x 49 322 154 325 4 16 разряд\sсуммы
x 52 354 178 357 4 16 разряд\sпереноса
L -96 320 -144 320 0 1 false 5 0
L -96 352 -144 352 0 1 false 5 0
M 0 320 32 320 0 2.5
M 0 352 32 352 0 2.5
b -224 64 236 399 0
b -224 240 236 399 0
x -92 46 70 49 4 24 Полусумматор
195 480 128 528 128 0
195 576 96 624 96 0
L 480 128 432 128 0 1 false 5 0
L 480 160 432 160 0 1 false 5 0
L 576 96 432 96 0 1 false 5 0
M 672 96 784 96 0 2.5
152 672 144 752 144 0 2 5 5
w 576 160 672 160 0
x 801 98 906 101 4 16 разряд\sсуммы
x 802 145 928 148 4 16 разряд\sпереноса
x 365 133 414 136 4 16 вход\sA
x 364 161 413 164 4 16 вход\sB
x 290 99 416 102 4 16 разряд\sпереноса
M 752 144 784 144 0 2.5
196 560 272 576 272 2 1
M 656 272 688 272 0 2.5
L 560 336 512 336 0 1 false 5 0
x 446 275 495 278 4 16 вход\sA
x 448 309 497 312 4 16 вход\sB
x 373 338 499 341 4 16 разряд\sпереноса
x 701 340 806 343 4 16 разряд\sсуммы
x 704 274 830 277 4 16 разряд\sпереноса
M 656 336 688 336 0 2.5
L 560 272 512 272 0 0 false 5 0
L 560 304 512 304 0 1 false 5 0
b 240 240 955 63 0
b 240 239 956 398 0
x 468 46 669 49 4 24 Полный\sсумматор
w -48 96 -64 96 0
w -48 128 -80 128 0
