$ 1 0.0005 204.8780465020098 50 5 50 5e-11
x 342 -123 392 -120 4 24 Data
M 736 -160 800 -160 0 2.5
L 464 -128 416 -128 0 1 false 5 0
L 512 -240 416 -240 0 0 false 5 0
153 624 -160 736 -160 0 2 5 5
153 624 -304 736 -304 0 2 0 5
w 624 -288 624 -256 0
w 736 -160 624 -256 0
w 624 -176 624 -208 0
w 736 -304 624 -208 0
M 736 -304 800 -304 0 2.5
x 823 -298 903 -295 4 24 Q\s(quit)
x 823 -155 1012 -152 4 24 !Q\s(inversion\squit)
150 512 -320 624 -320 0 2 0 5
150 512 -144 624 -144 0 2 0 5
w 512 -304 512 -240 0
I 464 -128 464 -208 0 0.5 5
w 464 -336 512 -336 0
w 512 -128 464 -128 0
x 292 -238 403 -235 4 24 Clk\s(clock)
w 512 -240 512 -160 0
w 464 -336 464 -208 0
x 588 -415 782 -412 4 50 D-trigger
w 224 96 224 256 0
w 240 96 224 96 0
I 112 112 176 112 0 0.5 5
w 240 128 240 96 0
w 240 160 240 192 0
w 304 192 240 192 0
w 304 192 336 192 0
w 176 64 176 112 0
w 176 112 176 160 0
w 240 160 176 160 0
w 240 64 176 64 0
L 224 96 192 96 0 1 false 5 0
157 240 64 272 64 0 7 0 0
w 592 80 592 208 0
w 640 176 640 256 0
w 640 288 592 288 0
w 592 80 640 80 0
I 592 288 592 208 0 0.5 5
w 640 112 640 176 0
150 640 272 752 272 0 2 5 5
150 640 96 752 96 0 2 0 5
x 951 261 1140 264 4 24 !Q\s(inversion\squit)
x 947 94 1027 97 4 24 Q\s(quit)
w 864 112 752 208 0
w 752 240 752 208 0
w 864 256 752 160 0
w 752 128 752 160 0
153 752 112 864 112 0 2 5 5
153 752 256 864 256 0 2 0 5
M 864 256 928 256 0 2.5
x 13 88 63 91 4 24 Data
w 592 352 592 480 0
w 640 448 640 528 0
w 640 560 592 560 0
w 592 352 640 352 0
I 592 560 592 480 0 0.5 5
w 640 384 640 448 0
150 640 544 752 544 0 2 0 5
150 640 368 752 368 0 2 5 5
x 951 533 1140 536 4 24 !Q\s(inversion\squit)
x 945 360 1025 363 4 24 Q\s(quit)
w 864 384 752 480 0
w 752 512 752 480 0
w 864 528 752 432 0
w 752 400 752 432 0
153 752 384 864 384 0 2 0 5
153 752 528 864 528 0 2 5 5
M 864 528 928 528 0 2.5
x 18 253 68 256 4 24 Data
157 1296 64 1328 64 0 7 0 0
L 1280 96 1248 96 0 1 false 5 0
w 1296 64 1232 64 0
w 1296 160 1232 160 0
w 1232 112 1232 160 0
w 1232 64 1232 112 0
w 1360 192 1392 192 0
w 1360 192 1296 192 0
w 1296 160 1296 192 0
w 1296 128 1296 96 0
I 1168 112 1232 112 0 0.5 5
w 1296 96 1280 96 0
w 1280 96 1280 256 0
157 1296 224 1328 224 0 7 0 0
w 1296 224 1232 224 0
w 1296 320 1232 320 0
w 1232 272 1232 320 0
w 1232 224 1232 272 0
w 1360 352 1392 352 0
w 1360 352 1296 352 0
w 1296 320 1296 352 0
w 1296 288 1296 256 0
I 1168 272 1232 272 0 0.5 5
w 1296 256 1280 256 0
w 864 112 1168 112 0
w 864 384 1168 384 0
w 1168 272 1168 384 0
157 240 224 272 224 0 7 0 0
w 240 224 176 224 0
w 240 320 176 320 0
w 176 272 176 320 0
w 176 224 176 272 0
w 304 352 336 352 0
w 304 352 240 352 0
w 240 320 240 352 0
w 240 288 240 256 0
I 112 272 176 272 0 0.5 5
w 240 256 224 256 0
w 592 288 400 288 0
w 112 112 112 32 0
w 112 32 400 32 0
w 400 32 400 288 0
w 112 272 112 368 0
w 112 368 400 368 0
w 400 368 400 560 0
w 592 560 400 560 0
L 112 112 16 112 0 1 false 5 0
L 112 272 16 272 0 0 false 5 0
L 96 -16 16 -16 0 1 false 5 0
w 640 448 496 448 0
w 496 448 496 176 0
w 640 176 496 176 0
w 496 176 496 -16 0
w 496 -16 96 -16 0
x 10 -45 121 -42 4 24 Clk\s(clock)
b -16 -80 1485 587 0
b 1485 -81 -18 -456 0
