$ 1 0.0005 204.8780465020098 50 5 50 5e-11
x 349 -331 399 -328 4 24 Data
M 736 -160 800 -160 0 2.5
L 464 -336 416 -336 0 1 false 5 0
L 512 -240 416 -240 0 0 false 5 0
153 624 -160 736 -160 0 2 0 5
153 624 -304 736 -304 0 2 5 5
w 624 -288 624 -256 0
w 736 -160 624 -256 0
w 624 -176 624 -208 0
w 736 -304 624 -208 0
M 736 -304 800 -304 0 2.5
x 823 -298 903 -295 4 24 Q\s(quit)
x 823 -155 1012 -152 4 24 !Q\s(inversion\squit)
150 512 -320 624 -320 0 2 0 5
150 512 -144 624 -144 0 2 0 5
w 512 -304 512 -240 0
I 464 -208 464 -128 0 0.5 5
w 464 -336 512 -336 0
w 512 -128 464 -128 0
x 292 -238 403 -235 4 24 Clk\s(clock)
w 512 -240 512 -160 0
w 464 -336 464 -208 0
x 430 -397 952 -394 4 50 D-latch\s(level-triggered)
w 224 96 224 368 0
w 240 96 224 96 0
I 112 112 176 112 0 0.5 5
w 240 128 240 96 0
w 240 160 240 192 0
w 304 192 240 192 0
w 304 192 336 192 0
w 176 64 176 112 0
w 176 112 176 160 0
w 240 160 176 160 0
w 240 64 176 64 0
L 224 96 192 96 0 1 false 5 0
157 240 64 272 64 0 7 0 0
w 592 80 592 208 0
w 640 176 640 256 0
w 640 288 592 288 0
w 592 80 640 80 0
I 592 288 592 208 0 0.5 5
w 640 112 640 176 0
150 640 272 752 272 0 2 5 5
150 640 96 752 96 0 2 0 5
x 951 261 1140 264 4 24 !Q\s(inversion\squit)
x 947 94 1027 97 4 24 Q\s(quit)
w 864 112 752 208 0
w 752 240 752 208 0
w 864 256 752 160 0
w 752 128 752 160 0
153 752 112 864 112 0 2 5 5
153 752 256 864 256 0 2 0 5
M 864 256 928 256 0 2.5
x 13 88 63 91 4 24 Data
w 592 352 592 480 0
w 640 448 640 528 0
w 640 560 592 560 0
w 592 352 640 352 0
I 592 560 592 480 0 0.5 5
w 640 384 640 448 0
150 640 544 752 544 0 2 5 5
150 640 368 752 368 0 2 0 5
x 951 533 1140 536 4 24 !Q\s(inversion\squit)
x 945 360 1025 363 4 24 Q\s(quit)
w 864 384 752 480 0
w 752 512 752 480 0
w 864 528 752 432 0
w 752 400 752 432 0
153 752 384 864 384 0 2 5 5
153 752 528 864 528 0 2 0 5
M 864 528 928 528 0 2.5
x 18 365 68 368 4 24 Data
157 1296 64 1328 64 0 7 0 0
L 1280 96 1248 96 0 1 false 5 0
w 1296 64 1232 64 0
w 1296 160 1232 160 0
w 1232 112 1232 160 0
w 1232 64 1232 112 0
w 1360 192 1392 192 0
w 1360 192 1296 192 0
w 1296 160 1296 192 0
w 1296 128 1296 96 0
I 1168 112 1232 112 0 0.5 5
w 1296 96 1280 96 0
w 1280 96 1280 368 0
157 1296 336 1328 336 0 7 0 0
w 1296 336 1232 336 0
w 1296 432 1232 432 0
w 1232 384 1232 432 0
w 1232 336 1232 384 0
w 1360 464 1392 464 0
w 1360 464 1296 464 0
w 1296 432 1296 464 0
w 1296 400 1296 368 0
I 1168 384 1232 384 0 0.5 5
w 1296 368 1280 368 0
w 864 112 1168 112 0
w 864 384 1168 384 0
157 240 336 272 336 0 7 0 0
w 240 336 176 336 0
w 240 432 176 432 0
w 176 384 176 432 0
w 176 336 176 384 0
w 304 464 336 464 0
w 304 464 240 464 0
w 240 432 240 464 0
w 240 400 240 368 0
I 112 384 176 384 0 0.5 5
w 240 368 224 368 0
w 592 288 400 288 0
w 112 112 112 32 0
w 112 32 400 32 0
w 400 32 400 288 0
w 112 384 112 496 0
w 112 496 400 496 0
w 400 496 400 560 0
w 592 560 400 560 0
L 112 112 16 112 0 1 false 5 0
L 112 384 16 384 0 1 false 5 0
L 96 -16 16 -16 0 1 false 5 0
w 640 448 496 448 0
w 496 448 496 176 0
w 640 176 496 176 0
w 496 176 496 -16 0
w 496 -16 96 -16 0
x 10 -45 121 -42 4 24 Clk\s(clock)
b -16 -80 1485 587 0
b 1485 -81 -18 -456 0
x 533 -357 569 -354 4 24 Set
x 531 -183 593 -180 4 24 Reset
