$ 1 0.000005 10.20027730826997 50 5 50 5e-11
151 336 352 448 352 0 3 0 5
151 320 144 432 144 0 3 5 5
151 160 144 272 144 0 3 0 5
151 160 48 272 48 0 3 5 5
151 144 352 256 352 0 3 5 5
151 144 448 256 448 0 3 5 5
w 160 80 272 112 0
w 160 112 272 80 0
w 144 416 256 384 0
w 272 144 320 144 0
w 160 48 112 48 0
L -16 448 -192 448 0 0 false 5 0
M 448 352 512 352 0 2.5
L -32 256 -192 256 0 1 false 5 0
x -199 237 -153 240 4 24 CLK
x -197 431 -137 434 4 24 DATA
x 466 135 546 138 4 24 Q\s(quit)
x 457 315 646 318 4 24 !Q\s(inversion\squit)
w 672 128 656 128 0
I 544 144 608 144 0 0.5 5
w 672 160 672 128 0
w 672 192 672 224 0
w 736 224 672 224 0
w 736 224 768 224 0
w 608 96 608 144 0
w 608 144 608 192 0
w 672 192 608 192 0
w 672 96 608 96 0
L 656 128 624 128 0 1 false 5 0
157 672 96 704 96 0 7 0 0
w 432 144 544 144 0
x -8 -38 817 -35 4 50 D-trigger\s(edge-triggered)\srising\sedge
L -48 32 -192 32 0 1 false 5 0
w 112 32 160 32 0
w 160 32 160 16 0
w 160 16 320 16 0
w 320 16 320 128 0
x -198 15 -152 18 4 24 SET
w 112 368 144 368 0
L -80 512 -192 512 0 1 false 5 0
w 64 144 160 144 0
x -200 497 -120 500 4 24 RESET
w 336 320 432 192 0
w 320 192 448 320 0
w 144 384 256 416 0
b -227 -89 870 538 0
w -80 512 64 512 0
w 64 464 64 512 0
w 64 512 336 512 0
w 336 368 336 512 0
w 144 448 -16 448 0
w 64 464 144 464 0
w 64 464 64 144 0
w 112 368 112 48 0
w 160 64 128 64 0
w 128 64 128 352 0
w 128 352 144 352 0
w 336 352 256 352 0
w 160 160 144 160 0
w 144 256 144 336 0
w -32 256 144 256 0
w 144 160 144 256 0
w -48 32 112 32 0
w 272 48 272 80 0
w 160 64 160 80 0
w 160 128 160 112 0
w 272 144 272 112 0
w 256 352 256 384 0
w 144 368 144 384 0
w 256 448 256 416 0
w 144 432 144 416 0
w 320 160 320 192 0
w 432 144 432 192 0
w 336 336 336 320 0
w 448 352 448 320 0
