$ 1 0.000005 10.20027730826997 50 5 50 5e-11
x 288 127 577 130 4 32 D-trigger\srising\sedge
b 16 96 850 521 0
x -310 199 -118 202 4 24 Slave\sSR\sFlip-flop
x -751 196 -562 199 4 24 Master\sD\sFlip-flop
x -842 208 -825 211 4 24 D
w -480 416 -480 384 0
w -352 416 -480 416 0
I -800 416 -752 416 0 0.5 5
w -704 416 -752 416 0
w -800 224 -800 416 0
w -704 224 -800 224 0
w -480 224 -352 224 0
w -480 256 -480 224 0
w -736 432 -736 320 0
w -704 320 -736 320 0
w -384 320 -384 496 0
w -736 496 -384 496 0
w -736 480 -736 496 0
I -736 480 -736 432 0 0.5 5
150 -352 400 -240 400 0 2 0 5
150 -352 240 -240 240 0 2 5 5
x -414 309 -368 312 4 24 CLK
w -352 320 -352 384 0
w -384 320 -352 320 0
w -352 256 -352 320 0
x -74 367 -49 370 4 24 !Q
x -74 239 -56 242 4 24 Q
w -128 336 -128 384 0
w -240 304 -128 336 0
w -240 272 -240 304 0
w -240 336 -128 304 0
w -240 368 -240 336 0
w -128 256 -128 304 0
M -128 384 -48 384 0 2.5
M -128 256 -48 256 0 2.5
153 -240 384 -128 384 0 2 5 5
153 -240 256 -128 256 0 2 0 5
150 -704 400 -592 400 0 2 0 5
150 -704 240 -592 240 0 2 0 5
x -841 476 -795 479 4 24 CLK
w -704 320 -704 384 0
w -704 256 -704 320 0
L -736 496 -832 496 0 1 false 5 0
x -542 148 -306 172 4 18 реализация\sчерез\sgate\sNOR\\nуправление\sHIGH\sуровнем
x -469 396 -444 399 4 24 !Q
x -458 247 -440 250 4 24 Q
L -800 224 -832 224 0 0 false 5 0
w -480 336 -480 384 0
w -592 304 -480 336 0
w -592 272 -592 304 0
w -592 336 -480 304 0
w -592 368 -592 336 0
w -480 256 -480 304 0
153 -592 384 -480 384 0 2 0 5
153 -592 256 -480 256 0 2 5 5
x 314 157 561 181 4 18 реализация\sчерез\sgate\sNAND\\nуправление\sLOW\sуровнем
x -577 123 -288 126 4 32 D-trigger\srising\sedge
b -864 96 -14 519 0
x -440 442 -394 445 4 24 SET
x -455 216 -375 219 4 24 RESET
x 167 254 184 257 4 24 D
L 224 272 176 272 0 0 false 5 0
w 224 416 256 416 0
w 224 272 256 272 0
I 224 272 224 416 0 0.5 5
w 256 448 256 496 0
w 256 304 256 448 0
x 570 239 626 242 4 24 slave
x 311 240 384 243 4 24 master
x 696 465 714 468 6 24 Q
x 694 277 712 280 4 24 Q
M 704 416 768 416 0 2.5
M 704 304 768 304 0 2.5
I 256 496 496 496 0 0.5 5
151 256 432 368 432 0 2 5 5
151 256 288 368 288 0 2 5 5
w 464 336 368 384 0
w 464 336 464 304 0
w 464 384 368 336 0
w 464 384 464 416 0
w 368 400 368 384 0
w 368 320 368 336 0
w 464 448 496 448 0
w 464 416 464 448 0
w 464 272 464 304 0
w 496 272 464 272 0
151 368 416 464 416 0 2 5 5
151 368 304 464 304 0 2 0 5
w 496 416 496 496 0
w 496 304 496 416 0
151 496 432 608 432 0 2 0 5
151 496 288 608 288 0 2 5 5
w 704 336 608 384 0
w 704 304 704 336 0
w 704 384 608 336 0
w 704 384 704 416 0
w 608 320 608 336 0
w 608 384 608 400 0
151 608 416 704 416 0 2 5 5
151 608 304 704 304 0 2 0 5
L 256 496 176 496 0 0 false 5 0
x 164 475 210 478 4 24 CLK
