$ 1 0.000005 10.20027730826997 50 5 50 5e-11
151 928 176 1056 176 0 2 0 5
M 1104 176 1152 176 0 2.5
I 1056 176 1104 176 0 0.5 5
L 832 -16 784 -16 0 0 false 5 0
L 832 16 784 16 0 0 false 5 0
M 992 0 1152 0 0 2.5
150 928 320 1056 320 0 2 5 5
x 891 -63 944 -60 4 24 NOR
x 879 102 1109 105 4 24 !(!A\sNAND\s!B)\s\q\sNOR
w 864 192 832 192 0
w 832 16 832 192 0
w 832 16 864 16 0
w 864 -16 848 -16 0
w 832 -16 848 -16 0
w 848 -16 848 160 0
w 864 160 848 160 0
153 864 0 992 0 0 2 5 5
I 864 192 928 192 0 0.5 5
I 864 160 928 160 0 0.5 5
x 891 273 1062 276 4 24 !A\s\a\a\s!B\s\q\sNOR
I 864 304 928 304 0 0.5 5
I 864 336 928 336 0 0.5 5
w 848 160 848 304 0
w 864 304 848 304 0
w 832 192 832 336 0
w 864 336 832 336 0
M 1056 320 1152 320 0 2.5
152 880 448 960 448 0 2 0 5
I 960 448 1040 448 0 0.5 5
M 1040 448 1152 448 0 2.5
w 832 336 832 464 0
w 832 464 880 464 0
w 848 304 848 432 0
w 848 432 880 432 0
x 883 395 1057 398 4 24 NOT\sOR\s\q\sNOR
