$ 1 0.000005 10.20027730826997 50 5 50 5e-11
x 296 207 673 210 4 24 Positive\sEdge\sTriggered\sD\sFlip\sFlop
L 320 448 224 448 0 1 false 5 0
x 205 427 251 430 4 24 CLK
151 352 256 432 256 0 2 0 5
151 352 368 432 368 0 2 5 5
w 432 288 352 336 0
w 352 288 432 352 0
w 352 544 432 608 0
w 432 544 352 592 0
151 352 624 432 624 0 2 5 5
151 352 512 432 512 0 3 0 5
w 528 416 608 480 0
w 608 416 528 464 0
151 528 496 608 496 0 2 5 5
151 528 384 608 384 0 2 0 5
w 432 368 528 368 0
w 432 512 528 512 0
w 608 384 624 384 0
w 608 496 624 496 0
M 624 384 688 384 0 2.5
M 624 496 688 496 0 2.5
x 661 373 679 376 4 24 Q
x 656 481 681 484 4 24 !Q
w 352 384 320 384 0
w 320 384 320 448 0
w 320 512 352 512 0
w 432 384 352 480 0
w 320 448 320 512 0
L 320 640 224 640 0 0 false 5 0
w 352 640 320 640 0
x 211 620 228 623 4 24 D
w 352 240 304 240 0
w 304 240 304 672 0
w 304 672 432 672 0
w 432 624 432 672 0
x 473 357 509 360 4 24 Set
x 447 504 509 507 4 24 Reset
w 352 272 352 288 0
w 432 256 432 288 0
w 352 352 352 336 0
w 432 368 432 352 0
w 432 368 432 384 0
w 528 400 528 416 0
w 608 384 608 416 0
w 608 496 608 480 0
w 528 480 528 464 0
w 352 496 352 480 0
w 432 512 432 544 0
w 352 528 352 544 0
w 352 608 352 592 0
w 432 624 432 608 0
