$ 1 0.000005 10.20027730826997 50 5 50 5e-11
L 416 544 336 544 0 0 false 5 0
L 416 752 336 752 0 1 false 5 0
L 416 832 336 832 0 0 false 5 0
L 416 912 336 912 0 1 false 5 0
x 317 515 339 518 4 24 wl
x 313 733 345 736 4 24 din
x 315 810 373 813 4 24 din_n
x 317 896 347 899 4 24 we
x 1088 491 1134 494 4 24 dout
x 1088 586 1161 589 4 24 dout_n
w 512 912 416 912 0
w 416 544 512 544 0
w 512 544 512 880 0
w 416 752 640 752 0
w 592 896 704 896 0
w 704 816 704 896 0
w 736 720 736 512 0
w 736 720 784 720 0
w 416 832 848 832 0
w 848 752 848 832 0
w 704 896 912 896 0
w 912 816 912 896 0
w 640 720 640 672 0
w 640 672 1008 672 0
w 1008 672 1008 720 0
w 944 720 944 608 0
w 512 544 912 544 0
w 944 512 736 512 0
I 784 720 848 720 0 0.5 5
I 944 720 1008 720 0 0.5 5
M 1008 512 1104 512 0 2.5
M 1008 608 1104 608 0 2.5
150 512 896 592 896 0 2 0 5
180 944 608 1008 608 0 0.1 10000000000
184 848 720 944 720 0 1
184 640 720 736 720 0 1
180 944 512 1008 512 0 0.1 10000000000
w 976 624 976 640 0
w 976 640 912 640 0
w 912 640 912 544 0
w 912 544 976 544 0
w 976 528 976 544 0
