$ 1 0.000005 10.20027730826997 50 5 43 5e-11
151 224 256 368 256 0 2 5 5
150 224 128 368 128 0 2 0 5
x 264 65 314 68 4 24 AND
x 272 205 496 208 4 24 NAND\s\p\sNOT\s\q\sAND
M 368 128 496 128 0 2.5
M 416 256 496 256 0 2.5
L 160 112 112 112 0 0 false 5 0
L 160 144 112 144 0 1 false 5 0
w 160 112 192 112 0
w 224 112 192 112 0
w 192 112 192 240 0
w 224 240 192 240 0
w 160 144 176 144 0
w 176 144 176 272 0
w 224 272 176 272 0
w 224 144 176 144 0
I 368 256 416 256 0 0.5 5
x 268 328 439 331 4 24 !(!A\s||\s!B)\s\q\sAND
152 256 368 336 368 0 2 5 5
I 192 352 256 352 0 0.5 5
I 192 384 256 384 0 0.5 5
I 336 368 384 368 0 0.5 5
M 384 368 496 368 0 2.5
w 176 272 176 384 0
w 176 384 192 384 0
w 192 240 192 352 0
x 268 440 642 443 4 24 (A\sNOR\sA)\sNOR\s(B\sNOR\sB)\s\q\sAND
153 240 480 336 480 0 2 5 5
153 240 544 336 544 0 2 0 5
153 352 512 464 512 0 2 0 5
w 336 480 352 496 0
w 352 528 336 544 0
w 176 384 176 528 0
w 176 528 240 528 0
w 240 528 240 560 0
w 192 352 192 464 0
w 192 464 240 464 0
w 240 464 240 496 0
M 464 512 496 512 0 2.5
