$ 1 0.000005 10.20027730826997 50 5 43 5e-11
151 224 256 368 256 0 2 5 5
x 264 65 401 68 4 24 (A\s||\sB)\s\q\sOR
x 272 205 675 208 4 24 (A\sNAND\sA)\sNAND\s(B\sNAND\sB)\s\q\sOR
M 336 128 560 128 0 2.5
L 160 112 112 112 0 0 false 5 0
L 160 144 112 144 0 0 false 5 0
w 160 112 192 112 0
w 256 112 192 112 0
w 192 112 192 240 0
w 224 240 192 240 0
w 160 144 176 144 0
w 176 144 176 272 0
w 256 144 176 144 0
152 256 128 336 128 0 2 0 5
151 224 320 368 320 0 2 5 5
w 176 272 176 304 0
w 192 240 192 272 0
w 176 304 224 304 0
w 176 304 176 336 0
151 400 288 528 288 0 2 0 5
M 528 288 560 288 0 2.5
x 266 397 442 400 4 24 !(!A\s\a\a\s!B)\s\q\sOR
I 256 432 304 432 0 0.5 5
I 256 464 304 464 0 0.5 5
w 176 336 176 464 0
w 176 464 256 464 0
w 192 272 192 432 0
w 192 432 256 432 0
150 352 448 416 448 0 2 5 5
w 304 432 352 432 0
w 304 464 352 464 0
I 416 448 480 448 0 0.5 5
w 368 256 400 272 0
w 368 320 400 304 0
M 480 448 560 448 0 2.5
w 224 304 224 336 0
w 224 240 224 272 0
153 256 560 336 560 0 2 5 5
I 336 560 400 560 0 0.5 5
M 400 560 480 560 0 2.5
x 260 520 433 523 4 24 \s!(!(A\s||\sB))\s\q\sOR
w 176 464 176 576 0
w 176 576 256 576 0
w 192 432 192 544 0
w 192 544 256 544 0
