$ 1 0.000005 10.20027730826997 50 5 50 5e-11
x 282 848 408 851 4 16 разряд\sпереноса
x 267 898 372 901 4 16 разряд\sсуммы
x 116 896 165 899 4 16 вход\sB
x 112 837 161 840 4 16 вход\sA
196 176 848 192 848 2 1
x 271 768 376 771 4 16 разряд\sсуммы
x 42 795 168 798 4 16 разряд\sпереноса
196 176 720 192 720 2 1
g 176 912 176 960 0 0
196 176 592 192 592 2 1
x 272 642 377 645 4 16 разряд\sсуммы
196 176 464 192 464 2 1
x 266 513 371 516 4 16 разряд\sсуммы
196 176 336 192 336 2 1
x 270 383 375 386 4 16 разряд\sсуммы
w 272 848 272 816 0
w 176 784 176 816 0
w 176 816 272 816 0
w 272 720 272 688 0
w 272 688 176 688 0
w 176 656 176 688 0
w 272 592 272 560 0
w 272 560 176 560 0
w 176 528 176 560 0
w 272 464 272 432 0
w 272 432 176 432 0
w 176 400 176 432 0
w 176 16 176 48 0
w 272 48 176 48 0
w 272 80 272 48 0
w 176 144 176 176 0
w 272 176 176 176 0
w 272 208 272 176 0
x 268 -68 394 -65 4 16 разряд\sпереноса
x 268 -3 373 0 4 16 разряд\sсуммы
M 272 -48 304 -48 0 2.5
196 176 -48 192 -48 2 1
x 269 127 374 130 4 16 разряд\sсуммы
196 176 80 192 80 2 1
x 273 257 378 260 4 16 разряд\sсуммы
196 176 208 192 208 2 1
w 272 336 272 304 0
w 272 304 176 304 0
w 176 272 176 304 0
I 432 1024 496 1024 0 0.5 5
w 560 1040 560 1008 0
w 560 1072 560 1104 0
w 624 1104 560 1104 0
w 624 1104 656 1104 0
w 496 976 496 1024 0
w 496 1024 496 1072 0
w 560 1072 496 1072 0
w 560 976 496 976 0
157 560 976 592 976 0 7 0 0
I 432 864 496 864 0 0.5 5
w 560 880 560 848 0
w 560 912 560 944 0
w 624 944 560 944 0
w 624 944 656 944 0
w 496 816 496 864 0
w 496 864 496 912 0
w 560 912 496 912 0
w 560 816 496 816 0
157 560 816 592 816 0 7 0 0
157 560 496 592 496 0 7 0 0
w 560 496 496 496 0
w 560 592 496 592 0
w 496 544 496 592 0
w 496 496 496 544 0
w 624 624 656 624 0
w 624 624 560 624 0
w 560 592 560 624 0
w 560 560 560 528 0
I 432 544 496 544 0 0.5 5
157 560 656 592 656 0 7 0 0
w 560 656 496 656 0
w 560 752 496 752 0
w 496 704 496 752 0
w 496 656 496 704 0
w 624 784 656 784 0
w 624 784 560 784 0
w 560 752 560 784 0
w 560 720 560 688 0
I 432 704 496 704 0 0.5 5
I 432 224 496 224 0 0.5 5
w 560 240 560 208 0
w 560 272 560 304 0
w 624 304 560 304 0
w 624 304 656 304 0
w 496 176 496 224 0
w 496 224 496 272 0
w 560 272 496 272 0
w 560 176 496 176 0
157 560 176 592 176 0 7 0 0
I 432 64 496 64 0 0.5 5
w 560 80 560 48 0
w 560 112 560 144 0
w 624 144 560 144 0
w 624 144 656 144 0
w 496 16 496 64 0
w 496 64 496 112 0
w 560 112 496 112 0
w 560 16 496 16 0
157 560 16 592 16 0 7 0 0
157 560 336 592 336 0 7 0 0
w 560 336 496 336 0
w 560 432 496 432 0
w 496 384 496 432 0
w 496 336 496 384 0
w 624 464 656 464 0
w 624 464 560 464 0
w 560 432 560 464 0
w 560 400 560 368 0
I 432 384 496 384 0 0.5 5
157 560 -144 592 -144 0 7 0 0
L 544 -112 512 -112 0 1 false 5 0
w 560 -144 496 -144 0
w 560 -48 496 -48 0
w 496 -96 496 -48 0
w 496 -144 496 -96 0
w 624 -16 656 -16 0
w 624 -16 560 -16 0
w 560 -48 560 -16 0
w 560 -80 560 -112 0
I 432 -96 496 -96 0 0.5 5
w 272 912 432 912 0
w 432 1024 432 912 0
w 272 784 432 784 0
w 432 784 432 864 0
w 272 656 432 656 0
w 432 656 432 704 0
w 272 528 432 528 0
w 432 528 432 544 0
w 272 400 432 400 0
w 432 384 432 400 0
w 272 272 432 272 0
w 432 224 432 272 0
w 272 144 432 144 0
w 432 64 432 144 0
w 272 16 432 16 0
w 432 -96 432 16 0
I -1376 208 -1376 144 0 0.5 5
w -1360 80 -1392 80 0
w -1328 80 -1296 80 0
w -1296 16 -1296 80 0
w -1296 16 -1296 -16 0
w -1424 144 -1376 144 0
w -1376 144 -1328 144 0
w -1328 80 -1328 144 0
w -1424 80 -1424 144 0
L -1392 96 -1392 128 0 1 false 5 0
157 -1456 -48 -1424 48 6144 7 0 0
I -1216 208 -1216 144 0 0.5 5
w -1200 80 -1232 80 0
w -1168 80 -1136 80 0
w -1136 16 -1136 80 0
w -1136 16 -1136 -16 0
w -1264 144 -1216 144 0
w -1216 144 -1168 144 0
w -1168 80 -1168 144 0
w -1264 80 -1264 144 0
157 -1296 -48 -1264 48 6144 7 0 0
157 -976 -48 -944 48 6144 7 0 0
w -944 80 -944 144 0
w -848 80 -848 144 0
w -896 144 -848 144 0
w -944 144 -896 144 0
w -816 16 -816 -16 0
w -816 16 -816 80 0
w -848 80 -816 80 0
w -880 80 -912 80 0
I -896 208 -896 144 0 0.5 5
157 -1136 -48 -1104 48 6144 7 0 0
w -1104 80 -1104 144 0
w -1008 80 -1008 144 0
w -1056 144 -1008 144 0
w -1104 144 -1056 144 0
w -976 16 -976 -16 0
w -976 16 -976 80 0
w -1008 80 -976 80 0
w -1040 80 -1072 80 0
I -1056 208 -1056 144 0 0.5 5
I -416 208 -416 144 0 0.5 5
w -400 80 -432 80 0
w -368 80 -336 80 0
w -336 16 -336 80 0
w -336 16 -336 -16 0
w -464 144 -416 144 0
w -416 144 -368 144 0
w -368 80 -368 144 0
w -464 80 -464 144 0
157 -496 -48 -464 48 6144 7 0 0
I -256 208 -256 144 0 0.5 5
w -240 80 -272 80 0
w -208 80 -176 80 0
w -176 16 -176 80 0
w -176 16 -176 -16 0
w -304 144 -256 144 0
w -256 144 -208 144 0
w -208 80 -208 144 0
w -304 80 -304 144 0
157 -336 -48 -304 48 6144 7 0 0
157 -656 -48 -624 48 6144 7 0 0
w -624 80 -624 144 0
w -528 80 -528 144 0
w -576 144 -528 144 0
w -624 144 -576 144 0
w -496 16 -496 -16 0
w -496 16 -496 80 0
w -528 80 -496 80 0
w -560 80 -592 80 0
I -576 208 -576 144 0 0.5 5
157 -816 -48 -784 48 6144 7 0 0
w -784 80 -784 144 0
w -688 80 -688 144 0
w -736 144 -688 144 0
w -784 144 -736 144 0
w -656 16 -656 -16 0
w -656 16 -656 80 0
w -688 80 -656 80 0
w -720 80 -752 80 0
I -736 208 -736 144 0 0.5 5
I -736 896 -736 816 0 0.5 5
w -720 752 -752 752 0
w -688 752 -656 752 0
w -656 688 -656 752 0
w -656 688 -656 656 0
w -784 816 -736 816 0
w -736 816 -688 816 0
w -688 752 -688 816 0
w -784 752 -784 816 0
157 -816 624 -784 720 6144 7 0 0
I -576 896 -576 816 0 0.5 5
w -560 752 -592 752 0
w -528 752 -496 752 0
w -496 688 -496 752 0
w -496 688 -496 656 0
w -624 816 -576 816 0
w -576 816 -528 816 0
w -528 752 -528 816 0
w -624 752 -624 816 0
157 -656 624 -624 720 6144 7 0 0
157 -336 624 -304 720 6144 7 0 0
w -304 752 -304 816 0
w -208 752 -208 816 0
w -256 816 -208 816 0
w -304 816 -256 816 0
w -176 688 -176 656 0
w -176 688 -176 752 0
w -208 752 -176 752 0
w -240 752 -272 752 0
I -256 880 -256 816 0 0.5 5
157 -496 624 -464 720 6144 7 0 0
w -464 752 -464 816 0
w -368 752 -368 816 0
w -416 816 -368 816 0
w -464 816 -416 816 0
w -336 688 -336 656 0
w -336 688 -336 752 0
w -368 752 -336 752 0
w -400 752 -432 752 0
I -416 880 -416 816 0 0.5 5
I -1056 896 -1056 816 0 0.5 5
w -1040 752 -1072 752 0
w -1008 752 -976 752 0
w -976 688 -976 752 0
w -976 688 -976 656 0
w -1104 816 -1056 816 0
w -1056 816 -1008 816 0
w -1008 752 -1008 816 0
w -1104 752 -1104 816 0
157 -1136 624 -1104 720 6144 7 0 0
I -896 896 -896 816 0 0.5 5
w -880 752 -912 752 0
w -848 752 -816 752 0
w -816 688 -816 752 0
w -816 688 -816 656 0
w -944 816 -896 816 0
w -896 816 -848 816 0
w -848 752 -848 816 0
w -944 752 -944 816 0
157 -976 624 -944 720 6144 7 0 0
157 -1296 624 -1264 720 6144 7 0 0
w -1264 752 -1264 816 0
w -1168 752 -1168 816 0
w -1216 816 -1168 816 0
w -1264 816 -1216 816 0
w -1136 688 -1136 656 0
w -1136 688 -1136 752 0
w -1168 752 -1136 752 0
w -1200 752 -1232 752 0
I -1216 896 -1216 816 0 0.5 5
157 -1456 624 -1424 720 6144 7 0 0
L -1392 768 -1392 800 0 1 false 5 0
w -1424 752 -1424 816 0
w -1328 752 -1328 816 0
w -1376 816 -1328 816 0
w -1424 816 -1376 816 0
w -1296 688 -1296 656 0
w -1296 688 -1296 752 0
w -1328 752 -1296 752 0
w -1360 752 -1392 752 0
I -1376 896 -1376 816 0 0.5 5
L -1376 320 -1376 400 0 0 false 5 0
L -1216 304 -1216 400 0 0 false 5 0
L -1056 288 -1056 400 0 0 false 5 0
L -896 256 -896 400 0 0 false 5 0
L -736 272 -736 400 0 0 false 5 0
L -576 288 -576 400 0 1 false 5 0
L -416 304 -416 400 0 1 false 5 0
L -256 320 -256 400 0 0 false 5 0
L -1376 1008 -1376 1072 0 0 false 5 0
L -1216 992 -1216 1072 0 0 false 5 0
L -1056 976 -1056 1072 0 0 false 5 0
L -896 944 -896 1072 0 0 false 5 0
L -736 960 -736 1072 0 0 false 5 0
L -576 976 -576 1072 0 1 false 5 0
L -416 992 -416 1072 0 0 false 5 0
L -256 1008 -256 1072 0 1 false 5 0
w -256 880 -256 1008 0
w 176 752 16 752 0
w 176 624 0 624 0
w 176 -16 -80 -16 0
w -416 208 -416 224 0
w -576 208 -576 240 0
w -736 208 -736 256 0
w -416 880 -416 896 0
w -416 896 -416 928 0
w -576 896 -576 976 0
w -736 896 -736 960 0
w -1056 960 -1056 976 0
w -1376 896 -1376 1008 0
w -896 208 -896 256 0
w -1376 208 -1376 320 0
w 560 -112 544 -112 0
w 544 -112 544 48 0
w 560 48 544 48 0
w 544 48 544 208 0
w 560 208 544 208 0
w 544 208 544 368 0
w 560 368 544 368 0
w 544 368 544 528 0
w 560 528 544 528 0
w 544 528 544 688 0
w 560 688 544 688 0
w 544 688 544 848 0
w 560 848 544 848 0
w 544 848 544 1008 0
w 560 1008 544 1008 0
w -272 752 -272 768 0
w -1392 752 -1392 768 0
w -1392 768 -1232 768 0
w -1232 752 -1232 768 0
w -1232 768 -1072 768 0
w -1072 752 -1072 768 0
w -1072 768 -912 768 0
w -912 752 -912 768 0
w -912 768 -752 768 0
w -752 752 -752 768 0
w -752 768 -592 768 0
w -592 752 -592 768 0
w -592 768 -432 768 0
w -432 752 -432 768 0
w -432 768 -272 768 0
w -1392 80 -1392 96 0
w -1392 96 -1232 96 0
w -1232 80 -1232 96 0
w -1232 96 -1072 96 0
w -1072 80 -1072 96 0
w -1072 96 -912 96 0
w -912 80 -912 96 0
w -912 96 -752 96 0
w -752 80 -752 96 0
w -752 96 -592 96 0
w -592 80 -592 96 0
w -592 96 -432 96 0
w -432 80 -432 96 0
w -432 96 -272 96 0
w -272 80 -272 96 0
w -1376 208 -144 208 0
w 176 -48 -144 -48 0
w -144 -48 -144 208 0
w 176 80 -128 80 0
w -128 80 -128 224 0
w -128 224 -1216 224 0
w 176 208 -112 208 0
w -112 208 -112 240 0
w -112 240 -1056 240 0
w 176 336 96 336 0
w 96 256 -896 256 0
w 176 464 80 464 0
w 80 272 -736 272 0
w 176 592 64 592 0
w 64 288 -576 288 0
w 176 720 48 720 0
w 48 304 -416 304 0
w 176 848 32 848 0
w 32 320 -256 320 0
w -1216 208 -1216 224 0
w -1216 224 -1216 304 0
w -1056 208 -1056 240 0
w -1056 240 -1056 288 0
w -736 256 -736 272 0
w -576 240 -576 288 0
w -416 304 -416 224 0
w -256 320 -256 208 0
w -1376 896 -80 896 0
w 176 112 -64 112 0
w -80 -16 -80 896 0
w -64 112 -64 912 0
w -64 912 -1216 912 0
w -1216 896 -1216 912 0
w -1216 992 -1216 912 0
w 176 240 -48 240 0
w -48 240 -48 928 0
w -48 928 -1056 928 0
w -1056 896 -1056 928 0
w -1056 928 -1056 960 0
w 176 368 -32 368 0
w -32 368 -32 944 0
w -32 944 -896 944 0
w -896 896 -896 944 0
w 176 496 -16 496 0
w -16 496 -16 960 0
w -16 960 -736 960 0
w 0 624 0 976 0
w 0 976 -576 976 0
w 16 752 16 992 0
w 16 992 -416 992 0
w -416 928 -416 992 0
w 176 880 32 880 0
w 32 880 32 1008 0
w 32 1008 -256 1008 0
w 32 848 32 320 0
w 48 720 48 304 0
w 64 592 64 288 0
w 80 464 80 272 0
w 96 336 96 256 0

