$ 1 0.000005 10.20027730826997 50 5 43 5e-11
151 224 0 352 0 0 2 5 5
150 224 128 352 128 0 2 0 5
x 260 76 484 79 4 24 AND\s\p\sNOT\s\q\sNAND
x 250 -45 318 -42 4 24 NAND
M 400 128 480 128 0 2.5
M 352 0 480 0 0 2.5
L 160 -16 112 -16 0 0 false 5 0
L 160 16 112 16 0 1 false 5 0
w 224 112 192 112 0
w 224 144 160 144 0
I 352 128 400 128 0 0.5 5
w 160 -16 192 -16 0
w 224 -16 192 -16 0
w 192 -16 192 112 0
w 224 16 160 16 0
w 160 16 160 144 0
x 260 204 458 207 4 24 (!A)\s||\s(!B)\s\q\sNAND
I 256 240 304 240 0 0.5 5
I 256 272 304 272 0 0.5 5
w 192 112 192 240 0
w 192 240 256 240 0
w 160 144 160 272 0
w 160 272 256 272 0
152 320 256 416 256 0 2 5 5
w 304 240 320 240 0
w 304 272 320 272 0
M 416 256 480 256 0 2.5
x 257 322 631 325 4 24 (A\sNOR\sA)\sOR\s(B\sNOR\sB)\s\q\sNAND
153 256 368 336 368 0 2 5 5
153 256 432 336 432 0 2 0 5
w 192 240 192 352 0
w 192 352 256 352 0
w 256 352 256 384 0
w 160 272 160 416 0
w 160 416 256 416 0
w 256 416 256 448 0
152 352 400 448 400 0 2 5 5
w 336 368 352 384 0
w 352 416 336 432 0
M 448 400 480 400 0 2.5
