$ 1 0.000005 10.20027730826997 50 5 50 5e-11
L 800 -16 752 -16 0 1 false 5 0
M 1072 32 1168 32 0 2.5
x 831 -45 1181 -42 4 24 (A\s\a\a\s!B)\s||\s(!A\s\a\a\sB)\s\q\sA\sXOR\sB
150 880 0 960 0 0 2 0 5
150 880 80 960 80 0 2 0 5
I 832 -16 880 -16 0 0.5 5
I 832 96 880 96 0 0.5 5
w 880 16 832 16 0
w 880 64 832 64 0
152 992 32 1072 32 0 2 0 5
w 960 0 992 16 0
w 960 80 992 48 0
L 800 16 752 16 0 1 false 5 0
w 832 -16 816 -16 0
w 800 -16 816 -16 0
w 816 -16 816 64 0
w 832 64 816 64 0
w 800 16 832 16 0
w 800 16 800 96 0
w 800 96 832 96 0
151 864 256 944 256 0 2 0 5
151 960 224 1040 224 0 2 5 5
w 800 96 800 272 0
w 800 272 816 272 0
w 816 64 816 240 0
w 848 240 864 240 0
w 848 208 960 208 0
w 944 256 960 256 0
151 960 288 1040 288 0 2 5 5
w 864 272 848 272 0
w 848 304 960 304 0
w 960 256 960 272 0
w 960 256 960 240 0
151 1056 256 1136 256 0 2 0 5
w 1040 224 1056 240 0
w 1040 288 1056 272 0
M 1136 256 1168 256 0 2.5
x 830 167 1521 170 4 24 (A\sNAND\s(A\sNAND\sB))\sNAND\s(B\sNAND\s(A\sNAND\sB))\s\q\sA\sXOR\sB
x 717 -10 733 -7 4 24 A
x 717 21 733 24 4 24 B
w 800 272 800 464 0
w 816 240 848 240 0
w 816 272 848 272 0
w 848 272 848 304 0
w 848 240 848 208 0
w 816 240 816 400 0
x 829 354 1460 357 4 24 (A\sNOR\sB)\sNOR\s(\s(A\sNOR\sA)\sNOR\s(B\sNOR\sB)\s)\s\q\sA\sXOR\sB
153 848 416 928 416 0 2 0 5
153 848 480 928 480 0 2 0 5
w 816 400 816 528 0
w 800 464 800 560 0
153 960 448 1040 448 0 2 5 5
w 816 400 848 400 0
w 848 400 848 432 0
w 800 464 848 464 0
w 848 464 848 496 0
153 848 544 928 544 0 2 0 5
w 816 528 848 528 0
w 800 560 848 560 0
w 928 416 960 432 0
w 928 480 960 464 0
w 1040 448 1040 512 0
153 1040 528 1120 528 0 2 0 5
w 928 544 1040 544 0
M 1120 528 1168 528 0 2.5
w 944 656 1008 656 0
151 864 656 944 656 0 2 0 5
w 944 720 1040 688 0
w 1008 656 1040 656 0
150 1040 672 1120 672 0 2 0 5
w 800 736 864 736 0
w 800 672 800 736 0
w 816 704 864 704 0
w 816 640 816 704 0
w 816 672 864 672 0
152 864 720 944 720 0 2 5 5
w 816 672 800 672 0
M 1120 672 1168 672 0 2.5
w 816 640 864 640 0
w 816 528 816 640 0
w 800 560 800 672 0
x 857 611 1230 614 4 24 (A\sNAND\sB)\s\a\a\s(A\s||\sB)\s\q\sA\sXOR\sB
