$ 1 0.000005 10.20027730826997 50 5 50 5e-11
x 1138 249 1168 252 4 24 D1
x 1132 74 1162 77 4 24 D0
x 1141 424 1171 427 4 24 D2
x 1140 611 1170 614 4 24 D3
x 1140 1315 1170 1318 4 24 D7
x 1135 1150 1165 1153 4 24 D6
x 1135 798 1165 801 4 24 D4
x 1140 963 1170 966 4 24 D5
I 240 1568 304 1568 0 0.5 5
I 240 1632 304 1632 0 0.5 5
I 240 1504 304 1504 0 0.5 5
150 624 240 816 240 0 4 0 5
150 624 64 816 64 0 4 0 5
150 624 416 816 416 0 4 0 5
150 624 592 816 592 0 4 0 5
150 624 768 816 768 0 4 0 5
150 624 944 816 944 0 4 5 5
150 624 1120 816 1120 0 4 0 5
150 624 1296 816 1296 0 4 0 5
L 176 1504 16 1504 0 1 false 5 0
L 192 1568 16 1568 0 0 false 5 0
L 208 1632 16 1632 0 1 false 5 0
w 176 1504 240 1504 0
w 240 1568 192 1568 0
w 240 1632 208 1632 0
w 304 1568 320 1568 0
w 336 1632 304 1632 0
x -78 1501 -34 1504 4 24 sel0
x -78 1565 -34 1568 4 24 sel1
x -78 1629 -34 1632 4 24 sel2
w 928 48 928 224 0
w 944 48 928 48 0
I 816 64 880 64 0 0.5 5
w 944 80 944 48 0
w 944 112 944 144 0
w 1008 144 944 144 0
w 1008 144 1040 144 0
w 880 16 880 64 0
w 880 64 880 112 0
w 944 112 880 112 0
w 944 16 880 16 0
L 928 48 896 48 0 1 false 5 0
157 944 16 976 16 0 7 0 0
w 928 224 928 400 0
w 944 224 928 224 0
I 816 240 880 240 0 0.5 5
w 944 256 944 224 0
w 944 288 944 320 0
w 1008 320 944 320 0
w 1008 320 1040 320 0
w 880 192 880 240 0
w 880 240 880 288 0
w 944 288 880 288 0
w 944 192 880 192 0
157 944 192 976 192 0 7 0 0
w 928 400 928 576 0
w 944 400 928 400 0
I 816 416 880 416 0 0.5 5
w 944 432 944 400 0
w 944 464 944 496 0
w 1008 496 944 496 0
w 1008 496 1040 496 0
w 880 368 880 416 0
w 880 416 880 464 0
w 944 464 880 464 0
w 944 368 880 368 0
157 944 368 976 368 0 7 0 0
w 928 576 928 752 0
w 944 576 928 576 0
I 816 592 880 592 0 0.5 5
w 944 608 944 576 0
w 944 640 944 672 0
w 1008 672 944 672 0
w 1008 672 1040 672 0
w 880 544 880 592 0
w 880 592 880 640 0
w 944 640 880 640 0
w 944 544 880 544 0
157 944 544 976 544 0 7 0 0
w 928 752 928 928 0
w 944 752 928 752 0
I 816 768 880 768 0 0.5 5
w 944 784 944 752 0
w 944 816 944 848 0
w 1008 848 944 848 0
w 1008 848 1040 848 0
w 880 720 880 768 0
w 880 768 880 816 0
w 944 816 880 816 0
w 944 720 880 720 0
157 944 720 976 720 0 7 0 0
w 928 928 928 1104 0
w 944 928 928 928 0
I 816 944 880 944 0 0.5 5
w 944 960 944 928 0
w 944 992 944 1024 0
w 1008 1024 944 1024 0
w 1008 1024 1040 1024 0
w 880 896 880 944 0
w 880 944 880 992 0
w 944 992 880 992 0
w 944 896 880 896 0
157 944 896 976 896 0 7 0 0
w 928 1104 928 1280 0
w 944 1104 928 1104 0
I 816 1120 880 1120 0 0.5 5
w 944 1136 944 1104 0
w 944 1168 944 1200 0
w 1008 1200 944 1200 0
w 1008 1200 1040 1200 0
w 880 1072 880 1120 0
w 880 1120 880 1168 0
w 944 1168 880 1168 0
w 944 1072 880 1072 0
157 944 1072 976 1072 0 7 0 0
w 944 1280 928 1280 0
I 816 1296 880 1296 0 0.5 5
w 944 1312 944 1280 0
w 944 1344 944 1376 0
w 1008 1376 944 1376 0
w 1008 1376 1040 1376 0
w 880 1248 880 1296 0
w 880 1296 880 1344 0
w 944 1344 880 1344 0
w 944 1248 880 1248 0
157 944 1248 976 1248 0 7 0 0
w 176 1504 176 1280 0
w 624 1280 176 1280 0
w 176 1280 176 928 0
w 624 928 176 928 0
w 176 928 176 576 0
w 624 576 176 576 0
w 624 224 176 224 0
w 176 224 176 576 0
w 192 1568 192 1312 0
w 624 1312 192 1312 0
w 624 1104 192 1104 0
w 192 1312 192 1104 0
w 192 1104 192 608 0
w 624 608 192 608 0
w 624 400 192 400 0
w 192 608 192 400 0
w 208 1632 208 1328 0
w 624 1328 208 1328 0
w 208 1328 208 1136 0
w 624 1136 208 1136 0
w 208 1136 208 960 0
w 624 960 208 960 0
w 208 960 208 752 0
w 624 752 208 752 0
w 304 1504 304 1152 0
w 624 1152 304 1152 0
w 304 1152 304 784 0
w 624 784 304 784 0
w 304 784 304 432 0
w 624 432 304 432 0
w 304 432 304 48 0
w 624 48 304 48 0
w 320 1568 320 976 0
w 624 976 320 976 0
w 320 976 320 800 0
w 624 800 320 800 0
w 320 800 320 256 0
w 624 256 320 256 0
w 320 256 320 80 0
w 624 80 320 80 0
w 336 1632 336 624 0
w 624 624 336 624 0
w 336 624 336 448 0
w 624 448 336 448 0
w 336 448 336 272 0
w 624 272 336 272 0
w 336 272 336 96 0
w 624 96 336 96 0
w 624 32 496 32 0
L 496 32 96 32 0 1 false 5 0
x 10 34 60 37 4 24 Data
w 496 32 496 208 0
w 624 208 496 208 0
w 496 208 496 384 0
w 624 384 496 384 0
w 496 384 496 560 0
w 624 560 496 560 0
w 496 560 496 736 0
w 624 736 496 736 0
w 496 736 496 912 0
w 624 912 496 912 0
w 496 912 496 1088 0
w 624 1088 496 1088 0
w 496 1088 496 1264 0
w 624 1264 496 1264 0

