$ 1 0.000005 10.20027730826997 50 5 50 5e-11
L 112 272 16 272 0 0 false 5 0
L 112 112 16 112 0 0 false 5 0
w 112 368 400 368 0
w 112 272 112 368 0
w 112 32 624 32 0
w 112 112 112 32 0
w 240 256 224 256 0
I 112 272 176 272 0 0.5 5
w 240 288 240 256 0
w 240 320 240 352 0
w 304 352 240 352 0
w 304 352 336 352 0
w 176 224 176 272 0
w 176 272 176 320 0
w 240 320 176 320 0
w 240 224 176 224 0
157 240 224 272 224 0 7 0 0
x 18 253 48 256 4 24 D1
x 13 88 43 91 4 24 D0
157 240 64 272 64 0 7 0 0
L 224 96 192 96 0 1 false 5 0
w 240 64 176 64 0
w 240 160 176 160 0
w 176 112 176 160 0
w 176 64 176 112 0
w 304 192 336 192 0
w 304 192 240 192 0
w 240 160 240 192 0
w 240 128 240 96 0
I 112 112 176 112 0 0.5 5
w 240 96 224 96 0
w 224 96 224 256 0
w 224 448 224 608 0
w 240 448 224 448 0
I 112 464 176 464 0 0.5 5
w 240 480 240 448 0
w 240 512 240 544 0
w 304 544 240 544 0
w 304 544 336 544 0
w 176 416 176 464 0
w 176 464 176 512 0
w 240 512 176 512 0
w 240 416 176 416 0
157 240 416 272 416 0 7 0 0
x 13 440 43 443 4 24 D2
x 18 605 48 608 4 24 D3
157 240 576 272 576 0 7 0 0
w 240 576 176 576 0
w 240 672 176 672 0
w 176 624 176 672 0
w 176 576 176 624 0
w 304 704 336 704 0
w 304 704 240 704 0
w 240 672 240 704 0
w 240 640 240 608 0
I 112 624 176 624 0 0.5 5
w 240 608 224 608 0
w 112 464 112 384 0
w 112 384 624 384 0
w 112 624 112 720 0
w 112 720 400 720 0
L 112 464 16 464 0 0 false 5 0
L 112 624 16 624 0 0 false 5 0
L 112 1328 16 1328 0 1 false 5 0
L 112 1168 16 1168 0 1 false 5 0
w 112 1424 400 1424 0
w 112 1328 112 1424 0
w 112 1088 624 1088 0
w 112 1168 112 1088 0
w 240 1312 224 1312 0
I 112 1328 176 1328 0 0.5 5
w 240 1344 240 1312 0
w 240 1376 240 1408 0
w 304 1408 240 1408 0
w 304 1408 336 1408 0
w 176 1280 176 1328 0
w 176 1328 176 1376 0
w 240 1376 176 1376 0
w 240 1280 176 1280 0
157 240 1280 272 1280 0 7 0 0
x 18 1309 48 1312 4 24 D7
x 13 1144 43 1147 4 24 D6
157 240 1120 272 1120 0 7 0 0
w 240 1120 176 1120 0
w 240 1216 176 1216 0
w 176 1168 176 1216 0
w 176 1120 176 1168 0
w 304 1248 336 1248 0
w 304 1248 240 1248 0
w 240 1216 240 1248 0
w 240 1184 240 1152 0
I 112 1168 176 1168 0 0.5 5
w 240 1152 224 1152 0
w 224 1152 224 1312 0
w 224 800 224 960 0
w 240 800 224 800 0
I 112 816 176 816 0 0.5 5
w 240 832 240 800 0
w 240 864 240 896 0
w 304 896 240 896 0
w 304 896 336 896 0
w 176 768 176 816 0
w 176 816 176 864 0
w 240 864 176 864 0
w 240 768 176 768 0
157 240 768 272 768 0 7 0 0
x 13 792 43 795 4 24 D4
x 18 957 48 960 4 24 D5
157 240 928 272 928 0 7 0 0
w 240 928 176 928 0
w 240 1024 176 1024 0
w 176 976 176 1024 0
w 176 928 176 976 0
w 304 1056 336 1056 0
w 304 1056 240 1056 0
w 240 1024 240 1056 0
w 240 992 240 960 0
I 112 976 176 976 0 0.5 5
w 240 960 224 960 0
w 112 816 112 736 0
w 112 736 624 736 0
w 112 976 112 1072 0
w 112 1072 400 1072 0
L 112 816 16 816 0 0 false 5 0
L 112 976 16 976 0 0 false 5 0
I 480 1568 544 1568 0 0.5 5
I 480 1632 544 1632 0 0.5 5
I 480 1504 544 1504 0 0.5 5
w 400 368 400 208 0
w 624 208 400 208 0
w 400 720 400 560 0
w 400 560 624 560 0
w 224 256 224 448 0
w 224 608 224 800 0
w 224 960 224 1152 0
w 400 1072 400 912 0
w 400 912 624 912 0
w 400 1424 400 1264 0
w 400 1264 624 1264 0
152 976 720 1152 720 0 8 5 5
150 624 240 816 240 0 4 0 5
150 624 64 816 64 0 4 0 5
150 624 416 816 416 0 4 0 5
150 624 592 816 592 0 4 0 5
150 624 768 816 768 0 4 0 5
150 624 944 816 944 0 4 0 5
150 624 1120 816 1120 0 4 5 5
150 624 1296 816 1296 0 4 0 5
L 416 1504 16 1504 0 0 false 5 0
L 432 1568 16 1568 0 1 false 5 0
L 448 1632 16 1632 0 1 false 5 0
w 416 1504 416 1280 0
w 416 1280 624 1280 0
w 416 1280 416 928 0
w 416 928 624 928 0
w 416 928 416 576 0
w 416 576 624 576 0
w 416 576 416 224 0
w 416 224 624 224 0
w 416 1504 480 1504 0
w 432 1568 432 1312 0
w 624 1312 432 1312 0
w 432 1312 432 1104 0
w 432 1104 432 608 0
w 624 608 432 608 0
w 432 608 432 400 0
w 480 1568 432 1568 0
w 448 1632 448 1328 0
w 624 1328 448 1328 0
w 480 1632 448 1632 0
w 448 1328 448 1136 0
w 624 1104 432 1104 0
w 624 400 432 400 0
w 624 1136 448 1136 0
w 448 1136 448 960 0
w 624 960 448 960 0
w 448 960 448 752 0
w 624 752 448 752 0
w 544 1504 544 1152 0
w 624 1152 544 1152 0
w 560 976 560 1568 0
w 544 1568 560 1568 0
w 576 624 576 1632 0
w 576 1632 544 1632 0
w 544 1152 544 784 0
w 624 784 544 784 0
w 544 784 544 432 0
w 624 432 544 432 0
w 544 432 544 48 0
w 624 48 544 48 0
w 624 976 560 976 0
w 560 976 560 800 0
w 624 800 560 800 0
w 560 800 560 256 0
w 624 256 560 256 0
w 624 80 560 80 0
w 560 80 560 256 0
w 624 624 576 624 0
w 576 624 576 448 0
w 624 448 576 448 0
w 576 448 576 272 0
w 624 272 576 272 0
w 576 272 576 96 0
w 624 96 576 96 0
x -78 1501 -34 1504 4 24 sel0
x -78 1565 -34 1568 4 24 sel1
x -78 1629 -34 1632 4 24 sel2
w 976 784 976 1296 0
w 816 1296 976 1296 0
w 816 1120 960 1120 0
w 960 1120 960 768 0
w 976 768 960 768 0
w 816 944 944 944 0
w 944 944 944 752 0
w 976 752 944 752 0
w 816 768 928 768 0
w 928 768 928 736 0
w 976 704 928 704 0
w 976 736 928 736 0
w 976 656 976 64 0
w 816 64 976 64 0
w 816 240 960 240 0
w 960 240 960 672 0
w 976 672 960 672 0
w 816 416 944 416 0
w 944 416 944 688 0
w 976 688 944 688 0
w 816 592 928 592 0
w 928 592 928 704 0
157 1280 672 1312 672 0 7 0 0
L 1264 704 1232 704 0 1 false 5 0
w 1280 672 1216 672 0
w 1280 768 1216 768 0
w 1216 720 1216 768 0
w 1216 672 1216 720 0
w 1344 800 1376 800 0
w 1344 800 1280 800 0
w 1280 768 1280 800 0
w 1280 736 1280 704 0
I 1152 720 1216 720 0 0.5 5
w 1280 704 1264 704 0

